step,system_total_waiting_time,system_mean_waiting_time,cumulative_total_wait_time,cumulative_mean_wait_time,1_accumulated_waiting_time,1_reward,1_cumulative_rewards,1_cumulative_diff_rewards,10_accumulated_waiting_time,10_reward,10_cumulative_rewards,10_cumulative_diff_rewards,2_accumulated_waiting_time,2_reward,2_cumulative_rewards,2_cumulative_diff_rewards,3_accumulated_waiting_time,3_reward,3_cumulative_rewards,3_cumulative_diff_rewards,4_accumulated_waiting_time,4_reward,4_cumulative_rewards,4_cumulative_diff_rewards,5_accumulated_waiting_time,5_reward,5_cumulative_rewards,5_cumulative_diff_rewards,6_accumulated_waiting_time,6_reward,6_cumulative_rewards,6_cumulative_diff_rewards,7_accumulated_waiting_time,7_reward,7_cumulative_rewards,7_cumulative_diff_rewards,8_accumulated_waiting_time,8_reward,8_cumulative_rewards,8_cumulative_diff_rewards,9_accumulated_waiting_time,9_reward,9_cumulative_rewards,9_cumulative_diff_rewards,agents_total_accumulated_waiting_time,cumulative_penalties,cumulative_rewards,mean_reward,mean_cumulative_reward
1.0,0.0,0.0,18993519.0,231681.9478188442,0.0,0.0,2440.7845918804883,0.0,0.0,0.0,8528.057980668085,-4.440892098500626e-16,0.0,0.0,6545.559770909908,-8.881784197001252e-16,0.0,0.0,13770.753021317145,-4.440892098500626e-16,0.0,0.0,8457.088690483073,8.881784197001252e-16,0.0,0.0,5480.177082264742,-2.220446049250313e-16,0.0,0.0,4776.977396290842,-2.220446049250313e-16,0.0,0.0,1334.2650379599531,0.0,0.0,0.0,7255.590032320543,0.0,0.0,0.0,5040.790998425282,0.0,0.0,1902.445445993785,63630.044602520065,0.0,6363.004460250292
2.0,0.0,0.0,18993519.0,231681.9478188442,0.0,0.0,2440.7845918804883,0.0,0.0,2.0,8530.057980668085,1.9999999999999996,0.0,0.0,6545.559770909908,-8.881784197001252e-16,0.0,0.0,13770.753021317145,-4.440892098500626e-16,0.0,0.0,8457.088690483073,8.881784197001252e-16,0.0,2.0,5482.177082264742,1.9999999999999998,0.0,0.0,4776.977396290842,-2.220446049250313e-16,0.0,0.0,1334.2650379599531,0.0,0.0,0.0,7255.590032320543,0.0,0.0,0.0,5040.790998425282,0.0,0.0,1902.445445993785,63634.044602520065,0.4,6363.404460250292
3.0,0.0,0.0,18993519.0,231681.9478188442,0.0,0.0,2440.7845918804883,0.0,0.0,0.0,8530.057980668085,-4.440892098500626e-16,0.0,0.0,6545.559770909908,-8.881784197001252e-16,0.0,0.0,13770.753021317145,-4.440892098500626e-16,0.0,0.0,8457.088690483073,8.881784197001252e-16,0.0,0.0,5482.177082264742,-2.220446049250313e-16,0.0,0.0,4776.977396290842,-2.220446049250313e-16,0.0,0.0,1334.2650379599531,0.0,0.0,0.0,7255.590032320543,0.0,0.0,0.0,5040.790998425282,0.0,0.0,1902.445445993785,63634.044602520065,0.0,6363.404460250292
4.0,0.0,0.0,18993519.0,231681.9478188442,0.0,0.0,2440.7845918804883,0.0,0.0,0.0,8530.057980668085,-4.440892098500626e-16,0.0,0.0,6545.559770909908,-8.881784197001252e-16,0.0,0.0,13770.753021317145,-4.440892098500626e-16,0.0,0.0,8457.088690483073,8.881784197001252e-16,0.0,0.0,5482.177082264742,-2.220446049250313e-16,0.0,0.0,4776.977396290842,-2.220446049250313e-16,0.0,0.0,1334.2650379599531,0.0,0.0,0.0,7255.590032320543,0.0,0.0,0.0,5040.790998425282,0.0,0.0,1902.445445993785,63634.044602520065,0.0,6363.404460250292
5.0,0.0,0.0,18993519.0,231681.9478188442,0.0,0.0,2440.7845918804883,0.0,0.0,0.0,8530.057980668085,-4.440892098500626e-16,0.0,0.26294073601829565,6545.822711645927,0.26294073601829476,0.0,0.0,13770.753021317145,-4.440892098500626e-16,0.0,0.0,8457.088690483073,8.881784197001252e-16,0.0,0.0,5482.177082264742,-2.220446049250313e-16,0.0,0.0,4776.977396290842,-2.220446049250313e-16,0.0,0.0,1334.2650379599531,0.0,0.0,0.0,7255.590032320543,0.0,0.0,0.0,5040.790998425282,0.0,0.0,1902.445445993785,63634.30754325608,0.026294073601829566,6363.430754323894
6.0,0.0,0.0,18993519.0,231681.9478188442,0.0,0.0,2440.7845918804883,0.0,0.0,0.0,8530.057980668085,-4.440892098500626e-16,0.0,0.0,6545.822711645927,-8.881784197001252e-16,0.0,0.0,13770.753021317145,-4.440892098500626e-16,0.0,0.0,8457.088690483073,8.881784197001252e-16,0.0,0.0,5482.177082264742,-2.220446049250313e-16,0.0,0.0,4776.977396290842,-2.220446049250313e-16,0.0,0.0,1334.2650379599531,0.0,0.0,0.0,7255.590032320543,0.0,0.0,0.0,5040.790998425282,0.0,0.0,1902.445445993785,63634.30754325608,0.0,6363.430754323894
7.0,0.0,0.0,18993519.0,231681.9478188442,0.0,0.0,2440.7845918804883,0.0,0.0,0.0,8530.057980668085,-4.440892098500626e-16,0.0,0.0,6545.822711645927,-8.881784197001252e-16,0.0,0.0,13770.753021317145,-4.440892098500626e-16,0.0,0.0,8457.088690483073,8.881784197001252e-16,0.0,0.0,5482.177082264742,-2.220446049250313e-16,0.0,0.0,4776.977396290842,-2.220446049250313e-16,0.0,0.0,1334.2650379599531,0.0,0.0,0.0,7255.590032320543,0.0,0.0,0.0,5040.790998425282,0.0,0.0,1902.445445993785,63634.30754325608,0.0,6363.430754323894
8.0,0.0,0.0,18993519.0,231681.9478188442,0.0,0.0,2440.7845918804883,0.0,0.0,0.0,8530.057980668085,-4.440892098500626e-16,0.0,0.0,6545.822711645927,-8.881784197001252e-16,0.0,0.0,13770.753021317145,-4.440892098500626e-16,0.0,0.0,8457.088690483073,8.881784197001252e-16,0.0,0.0,5482.177082264742,-2.220446049250313e-16,0.0,0.0,4776.977396290842,-2.220446049250313e-16,0.0,0.0,1334.2650379599531,0.0,0.0,0.0,7255.590032320543,0.0,0.0,0.0,5040.790998425282,0.0,0.0,1902.445445993785,63634.30754325608,0.0,6363.430754323894
9.0,0.0,0.0,18993519.0,231681.9478188442,0.0,0.0,2440.7845918804883,0.0,0.0,0.0,8530.057980668085,-4.440892098500626e-16,0.0,0.0,6545.822711645927,-8.881784197001252e-16,0.0,0.0,13770.753021317145,-4.440892098500626e-16,0.0,0.0,8457.088690483073,8.881784197001252e-16,0.0,0.0,5482.177082264742,-2.220446049250313e-16,0.0,0.0,4776.977396290842,-2.220446049250313e-16,0.0,0.0,1334.2650379599531,0.0,0.0,0.0,7255.590032320543,0.0,0.0,0.0,5040.790998425282,0.0,0.0,1902.445445993785,63634.30754325608,0.0,6363.430754323894
10.0,0.0,0.0,18993519.0,231681.9478188442,0.0,0.0,2440.7845918804883,0.0,0.0,0.0,8530.057980668085,-4.440892098500626e-16,0.0,0.0,6545.822711645927,-8.881784197001252e-16,0.0,0.0,13770.753021317145,-4.440892098500626e-16,0.0,2.0,8459.088690483073,2.000000000000001,0.0,0.0,5482.177082264742,-2.220446049250313e-16,0.0,0.0,4776.977396290842,-2.220446049250313e-16,0.0,0.0,1334.2650379599531,0.0,0.0,0.0,7255.590032320543,0.0,0.0,0.0,5040.790998425282,0.0,0.0,1902.445445993785,63636.30754325608,0.2,6363.630754323894
11.0,0.0,0.0,18993519.0,231681.9478188442,0.0,0.0,2440.7845918804883,0.0,0.0,0.0,8530.057980668085,-4.440892098500626e-16,0.0,0.0,6545.822711645927,-8.881784197001252e-16,0.0,0.0,13770.753021317145,-4.440892098500626e-16,0.0,0.0,8459.088690483073,8.881784197001252e-16,0.0,0.0,5482.177082264742,-2.220446049250313e-16,0.0,0.0,4776.977396290842,-2.220446049250313e-16,0.0,0.0,1334.2650379599531,0.0,0.0,0.0,7255.590032320543,0.0,0.0,0.0,5040.790998425282,0.0,0.0,1902.445445993785,63636.30754325608,0.0,6363.630754323894
12.0,0.0,0.0,18993519.0,231681.9478188442,0.0,0.0,2440.7845918804883,0.0,0.0,0.0,8530.057980668085,-4.440892098500626e-16,0.0,0.0,6545.822711645927,-8.881784197001252e-16,0.0,0.0,13770.753021317145,-4.440892098500626e-16,0.0,0.0,8459.088690483073,8.881784197001252e-16,0.0,0.0,5482.177082264742,-2.220446049250313e-16,0.0,0.0,4776.977396290842,-2.220446049250313e-16,0.0,0.0,1334.2650379599531,0.0,0.0,0.0,7255.590032320543,0.0,0.0,0.0,5040.790998425282,0.0,0.0,1902.445445993785,63636.30754325608,0.0,6363.630754323894
13.0,0.0,0.0,18993519.0,231681.9478188442,0.0,0.0,2440.7845918804883,0.0,0.0,0.0,8530.057980668085,-4.440892098500626e-16,0.0,0.0,6545.822711645927,-8.881784197001252e-16,0.0,0.0,13770.753021317145,-4.440892098500626e-16,0.0,0.0,8459.088690483073,8.881784197001252e-16,0.0,0.0,5482.177082264742,-2.220446049250313e-16,0.0,0.0,4776.977396290842,-2.220446049250313e-16,0.0,0.0,1334.2650379599531,0.0,0.0,0.0,7255.590032320543,0.0,0.0,0.0,5040.790998425282,0.0,0.0,1902.445445993785,63636.30754325608,0.0,6363.630754323894
14.0,0.0,0.0,18993519.0,231681.9478188442,0.0,0.0,2440.7845918804883,0.0,0.0,0.0,8530.057980668085,-4.440892098500626e-16,0.0,0.0,6545.822711645927,-8.881784197001252e-16,0.0,0.0,13770.753021317145,-4.440892098500626e-16,0.0,0.0,8459.088690483073,8.881784197001252e-16,0.0,0.0,5482.177082264742,-2.220446049250313e-16,0.0,0.0,4776.977396290842,-2.220446049250313e-16,0.0,0.0,1334.2650379599531,0.0,0.0,0.0,7255.590032320543,0.0,0.0,0.0,5040.790998425282,0.0,0.0,1902.445445993785,63636.30754325608,0.0,6363.630754323894
15.0,0.0,0.0,18993519.0,231681.9478188442,0.0,0.0,2440.7845918804883,0.0,0.0,0.0,8530.057980668085,-4.440892098500626e-16,0.0,0.0,6545.822711645927,-8.881784197001252e-16,0.0,0.0,13770.753021317145,-4.440892098500626e-16,0.0,0.0,8459.088690483073,8.881784197001252e-16,0.0,0.0,5482.177082264742,-2.220446049250313e-16,0.0,0.0,4776.977396290842,-2.220446049250313e-16,0.0,0.0,1334.2650379599531,0.0,0.0,0.0,7255.590032320543,0.0,0.0,0.0,5040.790998425282,0.0,0.0,1902.445445993785,63636.30754325608,0.0,6363.630754323894
16.0,0.0,0.0,18993519.0,231681.9478188442,0.0,0.0,2440.7845918804883,0.0,0.0,0.0,8530.057980668085,-4.440892098500626e-16,0.0,0.0,6545.822711645927,-8.881784197001252e-16,0.0,0.0,13770.753021317145,-4.440892098500626e-16,0.0,0.0,8459.088690483073,8.881784197001252e-16,0.0,0.0,5482.177082264742,-2.220446049250313e-16,0.0,0.0,4776.977396290842,-2.220446049250313e-16,0.0,0.0,1334.2650379599531,0.0,0.0,0.0,7255.590032320543,0.0,0.0,0.0,5040.790998425282,0.0,0.0,1902.445445993785,63636.30754325608,0.0,6363.630754323894
17.0,0.0,0.0,18993519.0,231681.9478188442,0.0,0.0,2440.7845918804883,0.0,0.0,0.0,8530.057980668085,-4.440892098500626e-16,0.0,0.0,6545.822711645927,-8.881784197001252e-16,0.0,0.0,13770.753021317145,-4.440892098500626e-16,0.0,0.0,8459.088690483073,8.881784197001252e-16,0.0,0.0,5482.177082264742,-2.220446049250313e-16,0.0,0.0,4776.977396290842,-2.220446049250313e-16,0.0,0.0,1334.2650379599531,0.0,0.0,0.0,7255.590032320543,0.0,0.0,0.0,5040.790998425282,0.0,0.0,1902.445445993785,63636.30754325608,0.0,6363.630754323894
18.0,0.0,0.0,18993519.0,231681.9478188442,0.0,0.0,2440.7845918804883,0.0,0.0,0.0,8530.057980668085,-4.440892098500626e-16,0.0,0.0,6545.822711645927,-8.881784197001252e-16,0.0,0.0,13770.753021317145,-4.440892098500626e-16,0.0,0.0,8459.088690483073,8.881784197001252e-16,0.0,0.0,5482.177082264742,-2.220446049250313e-16,0.0,0.0,4776.977396290842,-2.220446049250313e-16,0.0,0.0,1334.2650379599531,0.0,0.0,0.0,7255.590032320543,0.0,0.0,0.0,5040.790998425282,0.0,0.0,1902.445445993785,63636.30754325608,0.0,6363.630754323894
19.0,0.0,0.0,18993519.0,231681.9478188442,0.0,0.0,2440.7845918804883,0.0,0.0,0.0,8530.057980668085,-4.440892098500626e-16,0.0,0.0,6545.822711645927,-8.881784197001252e-16,0.0,0.0,13770.753021317145,-4.440892098500626e-16,0.0,0.0,8459.088690483073,8.881784197001252e-16,0.0,0.0,5482.177082264742,-2.220446049250313e-16,0.0,0.0,4776.977396290842,-2.220446049250313e-16,0.0,0.0,1334.2650379599531,0.0,0.0,0.0,7255.590032320543,0.0,0.0,0.0,5040.790998425282,0.0,0.0,1902.445445993785,63636.30754325608,0.0,6363.630754323894
20.0,0.0,0.0,18993519.0,231681.9478188442,0.0,0.0,2440.7845918804883,0.0,0.0,0.0,8530.057980668085,-4.440892098500626e-16,0.0,0.0,6545.822711645927,-8.881784197001252e-16,0.0,0.0,13770.753021317145,-4.440892098500626e-16,0.0,0.0,8459.088690483073,8.881784197001252e-16,0.0,0.0,5482.177082264742,-2.220446049250313e-16,0.0,0.0,4776.977396290842,-2.220446049250313e-16,0.0,0.0,1334.2650379599531,0.0,0.0,0.0,7255.590032320543,0.0,0.0,0.0,5040.790998425282,0.0,0.0,1902.445445993785,63636.30754325608,0.0,6363.630754323894
21.0,0.0,0.0,18993519.0,231681.9478188442,0.0,0.0,2440.7845918804883,0.0,0.0,0.0,8530.057980668085,-4.440892098500626e-16,0.0,0.0,6545.822711645927,-8.881784197001252e-16,0.0,0.0,13770.753021317145,-4.440892098500626e-16,0.0,0.0,8459.088690483073,8.881784197001252e-16,0.0,0.0,5482.177082264742,-2.220446049250313e-16,0.0,0.0,4776.977396290842,-2.220446049250313e-16,0.0,0.0,1334.2650379599531,0.0,0.0,0.0,7255.590032320543,0.0,0.0,0.0,5040.790998425282,0.0,0.0,1902.445445993785,63636.30754325608,0.0,6363.630754323894
22.0,0.0,0.0,18993519.0,231681.9478188442,0.0,0.0,2440.7845918804883,0.0,0.0,0.0,8530.057980668085,-4.440892098500626e-16,0.0,0.0,6545.822711645927,-8.881784197001252e-16,0.0,0.0,13770.753021317145,-4.440892098500626e-16,0.0,0.0,8459.088690483073,8.881784197001252e-16,0.0,0.0,5482.177082264742,-2.220446049250313e-16,0.0,0.0,4776.977396290842,-2.220446049250313e-16,0.0,0.0,1334.2650379599531,0.0,0.0,0.0,7255.590032320543,0.0,0.0,0.0,5040.790998425282,0.0,0.0,1902.445445993785,63636.30754325608,0.0,6363.630754323894
23.0,0.0,0.0,18993519.0,231681.9478188442,0.0,0.0,2440.7845918804883,0.0,0.0,0.0,8530.057980668085,-4.440892098500626e-16,0.0,0.0,6545.822711645927,-8.881784197001252e-16,0.0,0.0,13770.753021317145,-4.440892098500626e-16,0.0,0.0,8459.088690483073,8.881784197001252e-16,0.0,0.0,5482.177082264742,-2.220446049250313e-16,0.0,0.0,4776.977396290842,-2.220446049250313e-16,0.0,0.0,1334.2650379599531,0.0,0.0,0.0,7255.590032320543,0.0,0.0,0.0,5040.790998425282,0.0,0.0,1902.445445993785,63636.30754325608,0.0,6363.630754323894
24.0,0.0,0.0,18993519.0,231681.9478188442,0.0,0.0,2440.7845918804883,0.0,0.0,0.0,8530.057980668085,-4.440892098500626e-16,0.0,0.0,6545.822711645927,-8.881784197001252e-16,0.0,0.0,13770.753021317145,-4.440892098500626e-16,0.0,0.0,8459.088690483073,8.881784197001252e-16,0.0,0.0,5482.177082264742,-2.220446049250313e-16,0.0,0.0,4776.977396290842,-2.220446049250313e-16,0.0,0.0,1334.2650379599531,0.0,0.0,2.0,7257.590032320543,2.0,0.0,0.0,5040.790998425282,0.0,0.0,1902.445445993785,63638.30754325608,0.2,6363.830754323893
25.0,0.0,0.0,18993519.0,231681.9478188442,0.0,0.0,2440.7845918804883,0.0,0.0,0.0,8530.057980668085,-4.440892098500626e-16,0.0,0.0,6545.822711645927,-8.881784197001252e-16,0.0,0.0,13770.753021317145,-4.440892098500626e-16,0.0,0.0,8459.088690483073,8.881784197001252e-16,0.0,0.0,5482.177082264742,-2.220446049250313e-16,0.0,0.0,4776.977396290842,-2.220446049250313e-16,0.0,0.0,1334.2650379599531,0.0,0.0,0.0,7257.590032320543,0.0,0.0,0.0,5040.790998425282,0.0,0.0,1902.445445993785,63638.30754325608,0.0,6363.830754323893
26.0,0.0,0.0,18993519.0,231681.9478188442,0.0,0.0,2440.7845918804883,0.0,0.0,0.0,8530.057980668085,-4.440892098500626e-16,0.0,0.0,6545.822711645927,-8.881784197001252e-16,0.0,0.0,13770.753021317145,-4.440892098500626e-16,0.0,0.0,8459.088690483073,8.881784197001252e-16,0.0,0.0,5482.177082264742,-2.220446049250313e-16,0.0,0.0,4776.977396290842,-2.220446049250313e-16,0.0,0.0,1334.2650379599531,0.0,0.0,0.0,7257.590032320543,0.0,0.0,2.0,5042.790998425282,2.0,0.0,1902.445445993785,63640.30754325608,0.2,6364.030754323893
27.0,0.0,0.0,18993519.0,231681.9478188442,0.0,0.0,2440.7845918804883,0.0,0.0,0.0,8530.057980668085,-4.440892098500626e-16,0.0,0.0,6545.822711645927,-8.881784197001252e-16,0.0,0.0,13770.753021317145,-4.440892098500626e-16,0.0,0.0,8459.088690483073,8.881784197001252e-16,0.0,0.0,5482.177082264742,-2.220446049250313e-16,0.0,0.0,4776.977396290842,-2.220446049250313e-16,0.0,0.0,1334.2650379599531,0.0,0.0,0.0,7257.590032320543,0.0,0.0,0.0,5042.790998425282,0.0,0.0,1902.445445993785,63640.30754325608,0.0,6364.030754323893
28.0,0.0,0.0,18993519.0,231681.9478188442,0.0,0.0,2440.7845918804883,0.0,0.0,0.0,8530.057980668085,-4.440892098500626e-16,0.0,0.0,6545.822711645927,-8.881784197001252e-16,0.0,0.0,13770.753021317145,-4.440892098500626e-16,0.0,0.0,8459.088690483073,8.881784197001252e-16,0.0,0.0,5482.177082264742,-2.220446049250313e-16,0.0,0.0,4776.977396290842,-2.220446049250313e-16,0.0,0.0,1334.2650379599531,0.0,0.0,0.0,7257.590032320543,0.0,0.0,0.0,5042.790998425282,0.0,0.0,1902.445445993785,63640.30754325608,0.0,6364.030754323893
29.0,0.0,0.0,18993519.0,231681.9478188442,0.0,0.0,2440.7845918804883,0.0,0.0,0.0,8530.057980668085,-4.440892098500626e-16,0.0,0.0,6545.822711645927,-8.881784197001252e-16,0.0,0.0,13770.753021317145,-4.440892098500626e-16,0.0,0.0,8459.088690483073,8.881784197001252e-16,0.0,0.0,5482.177082264742,-2.220446049250313e-16,0.0,0.0,4776.977396290842,-2.220446049250313e-16,0.0,0.0,1334.2650379599531,0.0,0.0,0.0,7257.590032320543,0.0,0.0,0.0,5042.790998425282,0.0,0.0,1902.445445993785,63640.30754325608,0.0,6364.030754323893
30.0,0.0,0.0,18993519.0,231681.9478188442,0.0,0.0,2440.7845918804883,0.0,0.0,0.0,8530.057980668085,-4.440892098500626e-16,0.0,0.0,6545.822711645927,-8.881784197001252e-16,0.0,0.0,13770.753021317145,-4.440892098500626e-16,0.0,0.0,8459.088690483073,8.881784197001252e-16,0.0,0.0,5482.177082264742,-2.220446049250313e-16,0.0,0.0,4776.977396290842,-2.220446049250313e-16,0.0,0.0,1334.2650379599531,0.0,0.0,0.0,7257.590032320543,0.0,0.0,0.0,5042.790998425282,0.0,0.0,1902.445445993785,63640.30754325608,0.0,6364.030754323893
31.0,0.0,0.0,18993519.0,231681.9478188442,0.0,0.0,2440.7845918804883,0.0,0.0,0.0,8530.057980668085,-4.440892098500626e-16,0.0,0.0,6545.822711645927,-8.881784197001252e-16,0.0,0.0,13770.753021317145,-4.440892098500626e-16,0.0,0.0,8459.088690483073,8.881784197001252e-16,0.0,0.0,5482.177082264742,-2.220446049250313e-16,0.0,0.0,4776.977396290842,-2.220446049250313e-16,0.0,0.0,1334.2650379599531,0.0,0.0,0.0,7257.590032320543,0.0,0.0,0.0,5042.790998425282,0.0,0.0,1902.445445993785,63640.30754325608,0.0,6364.030754323893
32.0,0.0,0.0,18993519.0,231681.9478188442,0.0,0.0,2440.7845918804883,0.0,0.0,2.0,8532.057980668085,1.9999999999999996,0.0,0.0,6545.822711645927,-8.881784197001252e-16,0.0,0.0,13770.753021317145,-4.440892098500626e-16,0.0,0.0,8459.088690483073,8.881784197001252e-16,0.0,2.0,5484.177082264742,1.9999999999999998,0.0,0.0,4776.977396290842,-2.220446049250313e-16,0.0,0.0,1334.2650379599531,0.0,0.0,0.0,7257.590032320543,0.0,0.0,0.0,5042.790998425282,0.0,0.0,1902.445445993785,63644.30754325608,0.4,6364.430754323893
33.0,0.0,0.0,18993519.0,231681.9478188442,0.0,0.0,2440.7845918804883,0.0,0.0,0.0,8532.057980668085,-4.440892098500626e-16,0.0,0.0,6545.822711645927,-8.881784197001252e-16,0.0,0.0,13770.753021317145,-4.440892098500626e-16,0.0,0.0,8459.088690483073,8.881784197001252e-16,0.0,0.0,5484.177082264742,-2.220446049250313e-16,0.0,0.0,4776.977396290842,-2.220446049250313e-16,0.0,0.0,1334.2650379599531,0.0,0.0,0.0,7257.590032320543,0.0,0.0,0.0,5042.790998425282,0.0,0.0,1902.445445993785,63644.30754325608,0.0,6364.430754323893
34.0,0.0,0.0,18993519.0,231681.9478188442,0.0,0.0,2440.7845918804883,0.0,0.0,0.0,8532.057980668085,-4.440892098500626e-16,0.0,0.0,6545.822711645927,-8.881784197001252e-16,0.0,0.0,13770.753021317145,-4.440892098500626e-16,0.0,0.0,8459.088690483073,8.881784197001252e-16,0.0,0.0,5484.177082264742,-2.220446049250313e-16,0.0,0.0,4776.977396290842,-2.220446049250313e-16,0.0,0.0,1334.2650379599531,0.0,0.0,0.0,7257.590032320543,0.0,0.0,0.0,5042.790998425282,0.0,0.0,1902.445445993785,63644.30754325608,0.0,6364.430754323893
35.0,0.0,0.0,18993519.0,231681.9478188442,0.0,0.0,2440.7845918804883,0.0,0.0,0.0,8532.057980668085,-4.440892098500626e-16,0.0,2.0,6547.822711645927,1.9999999999999991,0.0,0.0,13770.753021317145,-4.440892098500626e-16,0.0,0.0,8459.088690483073,8.881784197001252e-16,0.0,0.0,5484.177082264742,-2.220446049250313e-16,0.0,0.0,4776.977396290842,-2.220446049250313e-16,0.0,0.0,1334.2650379599531,0.0,0.0,0.0,7257.590032320543,0.0,0.0,0.0,5042.790998425282,0.0,0.0,1902.445445993785,63646.30754325608,0.2,6364.630754323893
36.0,0.0,0.0,18993519.0,231681.9478188442,0.0,0.0,2440.7845918804883,0.0,0.0,0.0,8532.057980668085,-4.440892098500626e-16,0.0,0.0,6547.822711645927,-8.881784197001252e-16,0.0,0.0,13770.753021317145,-4.440892098500626e-16,0.0,0.0,8459.088690483073,8.881784197001252e-16,0.0,0.0,5484.177082264742,-2.220446049250313e-16,0.0,0.0,4776.977396290842,-2.220446049250313e-16,0.0,0.0,1334.2650379599531,0.0,0.0,0.0,7257.590032320543,0.0,0.0,0.0,5042.790998425282,0.0,0.0,1902.445445993785,63646.30754325608,0.0,6364.630754323893
37.0,0.0,0.0,18993519.0,231681.9478188442,0.0,0.0,2440.7845918804883,0.0,0.0,0.27219825092970973,8532.330178919015,0.2721982509297093,0.0,0.0,6547.822711645927,-8.881784197001252e-16,0.0,0.0,13770.753021317145,-4.440892098500626e-16,0.0,0.0,8459.088690483073,8.881784197001252e-16,0.0,0.0,5484.177082264742,-2.220446049250313e-16,0.0,0.0,4776.977396290842,-2.220446049250313e-16,0.0,0.0,1334.2650379599531,0.0,0.0,0.0,7257.590032320543,0.0,0.0,0.0,5042.790998425282,0.0,0.0,1902.445445993785,63646.57974150702,0.027219825092970974,6364.657974148986
38.0,0.0,0.0,18993519.0,231681.9478188442,0.0,0.0,2440.7845918804883,0.0,0.0,0.0,8532.330178919015,-4.440892098500626e-16,0.0,0.0,6547.822711645927,-8.881784197001252e-16,0.0,0.0,13770.753021317145,-4.440892098500626e-16,0.0,0.0,8459.088690483073,8.881784197001252e-16,0.0,0.0,5484.177082264742,-2.220446049250313e-16,0.0,0.0,4776.977396290842,-2.220446049250313e-16,0.0,0.0,1334.2650379599531,0.0,0.0,0.0,7257.590032320543,0.0,0.0,0.0,5042.790998425282,0.0,0.0,1902.445445993785,63646.57974150702,0.0,6364.657974148986
39.0,0.0,0.0,18993519.0,231681.9478188442,0.0,0.0,2440.7845918804883,0.0,0.0,0.0,8532.330178919015,-4.440892098500626e-16,0.0,0.0,6547.822711645927,-8.881784197001252e-16,0.0,0.0,13770.753021317145,-4.440892098500626e-16,0.0,0.0,8459.088690483073,8.881784197001252e-16,0.0,0.0,5484.177082264742,-2.220446049250313e-16,0.0,0.0,4776.977396290842,-2.220446049250313e-16,0.0,0.0,1334.2650379599531,0.0,0.0,0.0,7257.590032320543,0.0,0.0,0.0,5042.790998425282,0.0,0.0,1902.445445993785,63646.57974150702,0.0,6364.657974148986
40.0,0.0,0.0,18993519.0,231681.9478188442,0.0,0.0,2440.7845918804883,0.0,0.0,0.0,8532.330178919015,-4.440892098500626e-16,0.0,0.0,6547.822711645927,-8.881784197001252e-16,0.0,2.0,13772.753021317145,1.9999999999999996,0.0,2.0,8461.088690483073,2.000000000000001,0.0,0.0,5484.177082264742,-2.220446049250313e-16,0.0,0.0,4776.977396290842,-2.220446049250313e-16,0.0,0.0,1334.2650379599531,0.0,0.0,0.0,7257.590032320543,0.0,0.0,0.0,5042.790998425282,0.0,0.0,1902.445445993785,63650.57974150702,0.4,6365.0579741489855
41.0,0.0,0.0,18993519.0,231681.9478188442,0.0,0.0,2440.7845918804883,0.0,0.0,0.0,8532.330178919015,-4.440892098500626e-16,0.0,0.0,6547.822711645927,-8.881784197001252e-16,0.0,0.0,13772.753021317145,-4.440892098500626e-16,0.0,0.0,8461.088690483073,8.881784197001252e-16,0.0,0.0,5484.177082264742,-2.220446049250313e-16,0.0,0.0,4776.977396290842,-2.220446049250313e-16,0.0,0.0,1334.2650379599531,0.0,0.0,0.0,7257.590032320543,0.0,0.0,0.0,5042.790998425282,0.0,0.0,1902.445445993785,63650.57974150702,0.0,6365.0579741489855
42.0,0.0,0.0,18993519.0,231681.9478188442,0.0,0.0,2440.7845918804883,0.0,0.0,0.0,8532.330178919015,-4.440892098500626e-16,0.0,0.0,6547.822711645927,-8.881784197001252e-16,0.0,0.0,13772.753021317145,-4.440892098500626e-16,0.0,0.0,8461.088690483073,8.881784197001252e-16,0.0,0.0,5484.177082264742,-2.220446049250313e-16,0.0,0.0,4776.977396290842,-2.220446049250313e-16,0.0,0.0,1334.2650379599531,0.0,0.0,0.0,7257.590032320543,0.0,0.0,0.0,5042.790998425282,0.0,0.0,1902.445445993785,63650.57974150702,0.0,6365.0579741489855
43.0,0.0,0.0,18993519.0,231681.9478188442,0.0,0.0,2440.7845918804883,0.0,0.0,0.0,8532.330178919015,-4.440892098500626e-16,0.0,0.0,6547.822711645927,-8.881784197001252e-16,0.0,0.0,13772.753021317145,-4.440892098500626e-16,0.0,0.0,8461.088690483073,8.881784197001252e-16,0.0,0.0,5484.177082264742,-2.220446049250313e-16,0.0,0.0,4776.977396290842,-2.220446049250313e-16,0.0,0.0,1334.2650379599531,0.0,0.0,0.0,7257.590032320543,0.0,0.0,0.0,5042.790998425282,0.0,0.0,1902.445445993785,63650.57974150702,0.0,6365.0579741489855
44.0,0.0,0.0,18993519.0,231681.9478188442,0.0,0.0,2440.7845918804883,0.0,0.0,0.0,8532.330178919015,-4.440892098500626e-16,0.0,0.0,6547.822711645927,-8.881784197001252e-16,0.0,0.0,13772.753021317145,-4.440892098500626e-16,0.0,0.0,8461.088690483073,8.881784197001252e-16,0.0,0.0,5484.177082264742,-2.220446049250313e-16,0.0,0.0,4776.977396290842,-2.220446049250313e-16,0.0,0.0,1334.2650379599531,0.0,0.0,0.0,7257.590032320543,0.0,0.0,0.0,5042.790998425282,0.0,0.0,1902.445445993785,63650.57974150702,0.0,6365.0579741489855
45.0,0.0,0.0,18993519.0,231681.9478188442,0.0,0.0,2440.7845918804883,0.0,0.0,0.0,8532.330178919015,-4.440892098500626e-16,0.0,0.0,6547.822711645927,-8.881784197001252e-16,0.0,0.0,13772.753021317145,-4.440892098500626e-16,0.0,0.0,8461.088690483073,8.881784197001252e-16,0.0,0.0,5484.177082264742,-2.220446049250313e-16,0.0,0.0,4776.977396290842,-2.220446049250313e-16,0.0,0.0,1334.2650379599531,0.0,0.0,0.0,7257.590032320543,0.0,0.0,0.0,5042.790998425282,0.0,0.0,1902.445445993785,63650.57974150702,0.0,6365.0579741489855
46.0,0.0,0.0,18993519.0,231681.9478188442,0.0,0.0,2440.7845918804883,0.0,0.0,0.0,8532.330178919015,-4.440892098500626e-16,0.0,0.0,6547.822711645927,-8.881784197001252e-16,0.0,0.0,13772.753021317145,-4.440892098500626e-16,0.0,0.0,8461.088690483073,8.881784197001252e-16,0.0,0.0,5484.177082264742,-2.220446049250313e-16,0.0,0.0,4776.977396290842,-2.220446049250313e-16,0.0,0.0,1334.2650379599531,0.0,0.0,0.0,7257.590032320543,0.0,0.0,0.0,5042.790998425282,0.0,0.0,1902.445445993785,63650.57974150702,0.0,6365.0579741489855
47.0,0.0,0.0,18993519.0,231681.9478188442,0.0,0.0,2440.7845918804883,0.0,0.0,0.0,8532.330178919015,-4.440892098500626e-16,0.0,0.0,6547.822711645927,-8.881784197001252e-16,0.0,0.0,13772.753021317145,-4.440892098500626e-16,0.0,0.0,8461.088690483073,8.881784197001252e-16,0.0,0.0,5484.177082264742,-2.220446049250313e-16,0.0,0.0,4776.977396290842,-2.220446049250313e-16,0.0,0.0,1334.2650379599531,0.0,0.0,0.0,7257.590032320543,0.0,0.0,0.0,5042.790998425282,0.0,0.0,1902.445445993785,63650.57974150702,0.0,6365.0579741489855
48.0,0.0,0.0,18993519.0,231681.9478188442,0.0,0.0,2440.7845918804883,0.0,0.0,0.0,8532.330178919015,-4.440892098500626e-16,0.0,0.0,6547.822711645927,-8.881784197001252e-16,0.0,0.0,13772.753021317145,-4.440892098500626e-16,0.0,0.0,8461.088690483073,8.881784197001252e-16,0.0,0.0,5484.177082264742,-2.220446049250313e-16,0.0,0.0,4776.977396290842,-2.220446049250313e-16,0.0,0.0,1334.2650379599531,0.0,0.0,0.0,7257.590032320543,0.0,0.0,0.0,5042.790998425282,0.0,0.0,1902.445445993785,63650.57974150702,0.0,6365.0579741489855
49.0,0.0,0.0,18993519.0,231681.9478188442,0.0,0.0,2440.7845918804883,0.0,0.0,0.0,8532.330178919015,-4.440892098500626e-16,0.0,0.0,6547.822711645927,-8.881784197001252e-16,0.0,0.0,13772.753021317145,-4.440892098500626e-16,0.0,0.0,8461.088690483073,8.881784197001252e-16,0.0,0.0,5484.177082264742,-2.220446049250313e-16,0.0,0.0,4776.977396290842,-2.220446049250313e-16,0.0,0.0,1334.2650379599531,0.0,0.0,0.0,7257.590032320543,0.0,0.0,0.0,5042.790998425282,0.0,0.0,1902.445445993785,63650.57974150702,0.0,6365.0579741489855
50.0,0.0,0.0,18993519.0,231681.9478188442,0.0,0.0,2440.7845918804883,0.0,0.0,0.0,8532.330178919015,-4.440892098500626e-16,0.0,0.0,6547.822711645927,-8.881784197001252e-16,0.0,0.0,13772.753021317145,-4.440892098500626e-16,0.0,0.0,8461.088690483073,8.881784197001252e-16,0.0,0.0,5484.177082264742,-2.220446049250313e-16,0.0,0.0,4776.977396290842,-2.220446049250313e-16,0.0,0.0,1334.2650379599531,0.0,0.0,0.0,7257.590032320543,0.0,0.0,0.0,5042.790998425282,0.0,0.0,1902.445445993785,63650.57974150702,0.0,6365.0579741489855
51.0,0.0,0.0,18993519.0,231681.9478188442,0.0,0.0,2440.7845918804883,0.0,0.0,0.0,8532.330178919015,-4.440892098500626e-16,0.0,0.0,6547.822711645927,-8.881784197001252e-16,0.0,2.0,13774.753021317145,1.9999999999999996,0.0,0.0,8461.088690483073,8.881784197001252e-16,0.0,0.0,5484.177082264742,-2.220446049250313e-16,0.0,0.0,4776.977396290842,-2.220446049250313e-16,0.0,0.0,1334.2650379599531,0.0,0.0,0.0,7257.590032320543,0.0,0.0,0.0,5042.790998425282,0.0,0.0,1902.445445993785,63652.57974150702,0.2,6365.257974148985
52.0,0.0,0.0,18993519.0,231681.9478188442,0.0,0.0,2440.7845918804883,0.0,0.0,0.0,8532.330178919015,-4.440892098500626e-16,0.0,0.0,6547.822711645927,-8.881784197001252e-16,0.0,0.0,13774.753021317145,-4.440892098500626e-16,0.0,0.0,8461.088690483073,8.881784197001252e-16,0.0,0.0,5484.177082264742,-2.220446049250313e-16,0.0,0.0,4776.977396290842,-2.220446049250313e-16,0.0,0.0,1334.2650379599531,0.0,0.0,0.0,7257.590032320543,0.0,0.0,0.0,5042.790998425282,0.0,0.0,1902.445445993785,63652.57974150702,0.0,6365.257974148985
53.0,0.0,0.0,18993519.0,231681.9478188442,0.0,0.0,2440.7845918804883,0.0,0.0,0.0,8532.330178919015,-4.440892098500626e-16,0.0,0.0,6547.822711645927,-8.881784197001252e-16,0.0,0.0,13774.753021317145,-4.440892098500626e-16,0.0,0.0,8461.088690483073,8.881784197001252e-16,0.0,0.0,5484.177082264742,-2.220446049250313e-16,0.0,2.0,4778.977396290842,1.9999999999999998,0.0,0.0,1334.2650379599531,0.0,0.0,0.0,7257.590032320543,0.0,0.0,0.0,5042.790998425282,0.0,0.0,1902.445445993785,63654.57974150702,0.2,6365.457974148985
54.0,0.0,0.0,18993519.0,231681.9478188442,0.0,0.0,2440.7845918804883,0.0,0.0,0.0,8532.330178919015,-4.440892098500626e-16,0.0,0.0,6547.822711645927,-8.881784197001252e-16,0.0,0.0,13774.753021317145,-4.440892098500626e-16,0.0,0.0,8461.088690483073,8.881784197001252e-16,0.0,0.0,5484.177082264742,-2.220446049250313e-16,0.0,0.0,4778.977396290842,-2.220446049250313e-16,0.0,0.0,1334.2650379599531,0.0,0.0,2.0,7259.590032320543,2.0,0.0,0.0,5042.790998425282,0.0,0.0,1902.445445993785,63656.57974150702,0.2,6365.657974148985
55.0,0.0,0.0,18993519.0,231681.9478188442,0.0,0.0,2440.7845918804883,0.0,0.0,0.0,8532.330178919015,-4.440892098500626e-16,0.0,0.0,6547.822711645927,-8.881784197001252e-16,0.0,0.0,13774.753021317145,-4.440892098500626e-16,0.0,0.0,8461.088690483073,8.881784197001252e-16,0.0,0.0,5484.177082264742,-2.220446049250313e-16,0.0,0.0,4778.977396290842,-2.220446049250313e-16,0.0,0.0,1334.2650379599531,0.0,0.0,0.0,7259.590032320543,0.0,0.0,0.0,5042.790998425282,0.0,0.0,1902.445445993785,63656.57974150702,0.0,6365.657974148985
56.0,0.0,0.0,18993519.0,231681.9478188442,0.0,0.0,2440.7845918804883,0.0,0.0,0.0,8532.330178919015,-4.440892098500626e-16,0.0,0.0,6547.822711645927,-8.881784197001252e-16,0.0,0.0,13774.753021317145,-4.440892098500626e-16,0.0,0.0,8461.088690483073,8.881784197001252e-16,0.0,0.0,5484.177082264742,-2.220446049250313e-16,0.0,0.0,4778.977396290842,-2.220446049250313e-16,0.0,0.0,1334.2650379599531,0.0,0.0,0.0,7259.590032320543,0.0,0.0,2.0,5044.790998425282,2.0,0.0,1902.445445993785,63658.57974150702,0.2,6365.857974148985
57.0,0.0,0.0,18993519.0,231681.9478188442,0.0,0.0,2440.7845918804883,0.0,0.0,0.0,8532.330178919015,-4.440892098500626e-16,0.0,0.0,6547.822711645927,-8.881784197001252e-16,0.0,0.0,13774.753021317145,-4.440892098500626e-16,0.0,0.0,8461.088690483073,8.881784197001252e-16,0.0,0.0,5484.177082264742,-2.220446049250313e-16,0.0,0.0,4778.977396290842,-2.220446049250313e-16,0.0,0.0,1334.2650379599531,0.0,0.0,0.0,7259.590032320543,0.0,0.0,0.0,5044.790998425282,0.0,0.0,1902.445445993785,63658.57974150702,0.0,6365.857974148985
58.0,0.0,0.0,18993519.0,231681.9478188442,0.0,0.0,2440.7845918804883,0.0,0.0,0.0,8532.330178919015,-4.440892098500626e-16,0.0,0.0,6547.822711645927,-8.881784197001252e-16,0.0,0.0,13774.753021317145,-4.440892098500626e-16,0.0,0.0,8461.088690483073,8.881784197001252e-16,0.0,0.0,5484.177082264742,-2.220446049250313e-16,0.0,0.0,4778.977396290842,-2.220446049250313e-16,0.0,0.0,1334.2650379599531,0.0,0.0,0.0,7259.590032320543,0.0,0.0,0.0,5044.790998425282,0.0,0.0,1902.445445993785,63658.57974150702,0.0,6365.857974148985
59.0,1.0,0.07142857142857142,18993520.0,231682.01924741562,0.0,0.0,2440.7845918804883,0.0,0.0,0.0,8532.330178919015,-4.440892098500626e-16,0.0,0.0,6547.822711645927,-8.881784197001252e-16,0.0,0.0,13774.753021317145,-4.440892098500626e-16,0.0,0.0,8461.088690483073,8.881784197001252e-16,0.0,0.0,5484.177082264742,-2.220446049250313e-16,0.0,0.0,4778.977396290842,-2.220446049250313e-16,0.0,0.0,1334.2650379599531,0.0,0.0,0.0,7259.590032320543,0.0,0.0,0.0,5044.790998425282,0.0,0.0,1902.445445993785,63658.57974150702,0.0,6365.857974148985
60.0,2.0,0.14285714285714285,18993522.0,231682.1621045585,0.0,0.0,2440.7845918804883,0.0,0.0,0.0,8532.330178919015,-4.440892098500626e-16,0.0,0.0,6547.822711645927,-8.881784197001252e-16,0.0,0.0,13774.753021317145,-4.440892098500626e-16,0.0,0.0,8461.088690483073,8.881784197001252e-16,0.0,0.0,5484.177082264742,-2.220446049250313e-16,0.0,0.0,4778.977396290842,-2.220446049250313e-16,0.0,0.0,1334.2650379599531,0.0,0.0,0.0,7259.590032320543,0.0,0.0,0.0,5044.790998425282,0.0,0.0,1902.445445993785,63658.57974150702,0.0,6365.857974148985
61.0,3.0,0.14285714285714285,18993525.0,231682.30496170136,0.0,0.0,2440.7845918804883,0.0,0.0,0.0,8532.330178919015,-4.440892098500626e-16,0.0,0.0,6547.822711645927,-8.881784197001252e-16,0.0,0.0,13774.753021317145,-4.440892098500626e-16,0.0,0.0,8461.088690483073,8.881784197001252e-16,0.0,0.0,5484.177082264742,-2.220446049250313e-16,0.0,0.0,4778.977396290842,-2.220446049250313e-16,0.0,0.0,1334.2650379599531,0.0,0.0,0.0,7259.590032320543,0.0,0.0,0.0,5044.790998425282,0.0,0.0,1902.445445993785,63658.57974150702,0.0,6365.857974148985
62.0,4.0,0.19047619047619047,18993529.0,231682.49543789183,0.0,0.0,2440.7845918804883,0.0,0.0,2.0,8534.330178919015,1.9999999999999996,0.0,0.0,6547.822711645927,-8.881784197001252e-16,0.0,2.0,13776.753021317145,1.9999999999999996,0.0,0.0,8461.088690483073,8.881784197001252e-16,0.0,1.937229678827864,5486.11431194357,1.9372296788278638,0.0,0.0,4778.977396290842,-2.220446049250313e-16,0.0,0.0,1334.2650379599531,0.0,0.0,0.0,7259.590032320543,0.0,0.0,0.0,5044.790998425282,0.0,0.0,1902.445445993785,63664.51697118585,0.5937229678827863,6366.451697116868
63.0,5.0,0.23809523809523808,18993534.0,231682.73353312994,0.0,0.0,2440.7845918804883,0.0,0.0,1.9789856060980906,8536.309164525113,1.9789856060980902,0.0,0.0,6547.822711645927,-8.881784197001252e-16,0.0,0.0,13776.753021317145,-4.440892098500626e-16,0.0,0.0,8461.088690483073,8.881784197001252e-16,0.0,0.0,5486.11431194357,-2.220446049250313e-16,0.0,0.0,4778.977396290842,-2.220446049250313e-16,0.0,0.0,1334.2650379599531,0.0,0.0,0.0,7259.590032320543,0.0,0.0,0.0,5044.790998425282,0.0,0.0,1902.445445993785,63666.49595679194,0.19789856060980907,6366.649595677478
64.0,6.0,0.2857142857142857,18993540.0,231683.01924741565,0.0,0.0,2440.7845918804883,0.0,0.0,0.0,8536.309164525113,-4.440892098500626e-16,0.0,0.0,6547.822711645927,-8.881784197001252e-16,0.0,0.0,13776.753021317145,-4.440892098500626e-16,0.0,0.0,8461.088690483073,8.881784197001252e-16,0.0,0.0,5486.11431194357,-2.220446049250313e-16,0.0,0.0,4778.977396290842,-2.220446049250313e-16,0.0,0.0,1334.2650379599531,0.0,0.0,0.0,7259.590032320543,0.0,0.0,0.0,5044.790998425282,0.0,0.0,1902.445445993785,63666.49595679194,0.0,6366.649595677478
65.0,7.0,0.3333333333333333,18993547.0,231683.352580749,0.0,0.0,2440.7845918804883,0.0,0.0,0.0,8536.309164525113,-4.440892098500626e-16,0.0,0.36614412716238154,6548.188855773089,0.36614412716238065,0.0,0.0,13776.753021317145,-4.440892098500626e-16,0.0,0.0,8461.088690483073,8.881784197001252e-16,0.0,0.0,5486.11431194357,-2.220446049250313e-16,0.0,0.0,4778.977396290842,-2.220446049250313e-16,0.0,0.0,1334.2650379599531,0.0,0.0,0.0,7259.590032320543,0.0,0.0,0.0,5044.790998425282,0.0,0.0,1902.445445993785,63666.862100919105,0.03661441271623815,6366.686210090194
66.0,8.0,0.38095238095238093,18993555.0,231683.73353312994,0.0,0.0,2440.7845918804883,0.0,0.0,0.0,8536.309164525113,-4.440892098500626e-16,0.0,0.0,6548.188855773089,-8.881784197001252e-16,0.0,0.0,13776.753021317145,-4.440892098500626e-16,0.0,0.0,8461.088690483073,8.881784197001252e-16,0.0,0.0,5486.11431194357,-2.220446049250313e-16,0.0,0.0,4778.977396290842,-2.220446049250313e-16,0.0,0.0,1334.2650379599531,0.0,0.0,0.0,7259.590032320543,0.0,0.0,0.0,5044.790998425282,0.0,0.0,1902.445445993785,63666.862100919105,0.0,6366.686210090194
67.0,9.0,0.42857142857142855,18993564.0,231684.16210455852,0.0,0.0,2440.7845918804883,0.0,0.0,0.0,8536.309164525113,-4.440892098500626e-16,0.0,0.0,6548.188855773089,-8.881784197001252e-16,0.0,0.0,13776.753021317145,-4.440892098500626e-16,0.0,0.0,8461.088690483073,8.881784197001252e-16,0.0,0.0,5486.11431194357,-2.220446049250313e-16,0.0,0.0,4778.977396290842,-2.220446049250313e-16,0.0,0.0,1334.2650379599531,0.0,0.0,0.0,7259.590032320543,0.0,0.0,0.0,5044.790998425282,0.0,0.0,1902.445445993785,63666.862100919105,0.0,6366.686210090194
68.0,10.0,0.47619047619047616,18993574.0,231684.6382950347,0.0,0.0,2440.7845918804883,0.0,0.0,0.0,8536.309164525113,-4.440892098500626e-16,0.0,0.0,6548.188855773089,-8.881784197001252e-16,0.0,0.0,13776.753021317145,-4.440892098500626e-16,0.0,0.0,8461.088690483073,8.881784197001252e-16,0.0,0.0,5486.11431194357,-2.220446049250313e-16,0.0,0.0,4778.977396290842,-2.220446049250313e-16,0.0,0.0,1334.2650379599531,0.0,0.0,0.0,7259.590032320543,0.0,0.0,0.0,5044.790998425282,0.0,0.0,1902.445445993785,63666.862100919105,0.0,6366.686210090194
69.0,11.0,0.5238095238095238,18993585.0,231685.16210455852,0.0,0.0,2440.7845918804883,0.0,0.0,0.0,8536.309164525113,-4.440892098500626e-16,0.0,0.0,6548.188855773089,-8.881784197001252e-16,0.0,0.0,13776.753021317145,-4.440892098500626e-16,0.0,0.0,8461.088690483073,8.881784197001252e-16,0.0,0.0,5486.11431194357,-2.220446049250313e-16,0.0,0.0,4778.977396290842,-2.220446049250313e-16,0.0,0.0,1334.2650379599531,0.0,0.0,0.0,7259.590032320543,0.0,0.0,0.0,5044.790998425282,0.0,0.0,1902.445445993785,63666.862100919105,0.0,6366.686210090194
70.0,12.0,0.5714285714285714,18993597.0,231685.73353312994,0.0,0.0,2440.7845918804883,0.0,0.0,0.0,8536.309164525113,-4.440892098500626e-16,0.0,0.0,6548.188855773089,-8.881784197001252e-16,0.0,1.9765299021589668,13778.729551219303,1.9765299021589664,0.0,0.0,8461.088690483073,8.881784197001252e-16,0.0,0.0,5486.11431194357,-2.220446049250313e-16,0.0,0.0,4778.977396290842,-2.220446049250313e-16,0.0,0.0,1334.2650379599531,0.0,0.0,0.0,7259.590032320543,0.0,0.0,0.0,5044.790998425282,0.0,0.0,1902.445445993785,63668.838630821265,0.1976529902158967,6366.88386308041
71.0,13.0,0.6190476190476191,18993610.0,231686.352580749,0.0,0.0,2440.7845918804883,0.0,0.0,0.0,8536.309164525113,-4.440892098500626e-16,0.0,0.0,6548.188855773089,-8.881784197001252e-16,0.0,0.0,13778.729551219303,-4.440892098500626e-16,0.0,2.0,8463.088690483073,2.000000000000001,0.0,0.0,5486.11431194357,-2.220446049250313e-16,0.0,0.0,4778.977396290842,-2.220446049250313e-16,0.0,0.0,1334.2650379599531,0.0,0.0,0.0,7259.590032320543,0.0,0.0,0.0,5044.790998425282,0.0,0.0,1902.445445993785,63670.838630821265,0.2,6367.08386308041
72.0,14.0,0.6666666666666666,18993624.0,231687.01924741565,0.0,0.0,2440.7845918804883,0.0,0.0,0.0,8536.309164525113,-4.440892098500626e-16,0.0,0.0,6548.188855773089,-8.881784197001252e-16,0.0,0.0,13778.729551219303,-4.440892098500626e-16,0.0,2.0,8465.088690483073,2.000000000000001,0.0,0.0,5486.11431194357,-2.220446049250313e-16,0.0,0.0,4778.977396290842,-2.220446049250313e-16,0.0,0.0,1334.2650379599531,0.0,0.0,0.0,7259.590032320543,0.0,0.0,0.0,5044.790998425282,0.0,0.0,1902.445445993785,63672.838630821265,0.2,6367.28386308041
73.0,15.0,0.7142857142857143,18993639.0,231687.73353312994,0.0,0.0,2440.7845918804883,0.0,0.0,0.0,8536.309164525113,-4.440892098500626e-16,0.0,0.0,6548.188855773089,-8.881784197001252e-16,0.0,0.0,13778.729551219303,-4.440892098500626e-16,0.0,0.0,8465.088690483073,8.881784197001252e-16,0.0,0.0,5486.11431194357,-2.220446049250313e-16,0.0,0.0,4778.977396290842,-2.220446049250313e-16,0.0,0.0,1334.2650379599531,0.0,0.0,0.0,7259.590032320543,0.0,0.0,0.0,5044.790998425282,0.0,0.0,1902.445445993785,63672.838630821265,0.0,6367.28386308041
74.0,0.0,0.0,18993639.0,231687.73353312994,0.0,0.0,2440.7845918804883,0.0,0.0,0.0,8536.309164525113,-4.440892098500626e-16,0.0,0.0,6548.188855773089,-8.881784197001252e-16,0.0,2.0,13780.729551219303,1.9999999999999996,0.0,0.0,8465.088690483073,8.881784197001252e-16,0.0,0.0,5486.11431194357,-2.220446049250313e-16,0.0,0.0,4778.977396290842,-2.220446049250313e-16,0.0,0.0,1334.2650379599531,0.0,0.0,0.0,7259.590032320543,0.0,0.0,0.0,5044.790998425282,0.0,0.0,1902.445445993785,63674.838630821265,0.2,6367.48386308041
75.0,0.0,0.0,18993639.0,231687.73353312994,0.0,0.0,2440.7845918804883,0.0,0.0,0.0,8536.309164525113,-4.440892098500626e-16,0.0,0.0,6548.188855773089,-8.881784197001252e-16,0.0,0.0,13780.729551219303,-4.440892098500626e-16,0.0,0.0,8465.088690483073,8.881784197001252e-16,0.0,0.0,5486.11431194357,-2.220446049250313e-16,0.0,0.0,4778.977396290842,-2.220446049250313e-16,0.0,0.0,1334.2650379599531,0.0,0.0,0.0,7259.590032320543,0.0,0.0,0.0,5044.790998425282,0.0,0.0,1902.445445993785,63674.838630821265,0.0,6367.48386308041
76.0,0.0,0.0,18993639.0,231687.73353312994,0.0,0.0,2440.7845918804883,0.0,0.0,0.0,8536.309164525113,-4.440892098500626e-16,0.0,0.0,6548.188855773089,-8.881784197001252e-16,0.0,0.0,13780.729551219303,-4.440892098500626e-16,0.0,0.0,8465.088690483073,8.881784197001252e-16,0.0,0.0,5486.11431194357,-2.220446049250313e-16,0.0,0.0,4778.977396290842,-2.220446049250313e-16,0.0,0.0,1334.2650379599531,0.0,0.0,0.0,7259.590032320543,0.0,0.0,0.0,5044.790998425282,0.0,0.0,1902.445445993785,63674.838630821265,0.0,6367.48386308041
77.0,0.0,0.0,18993639.0,231687.73353312994,0.0,0.0,2440.7845918804883,0.0,0.0,0.0,8536.309164525113,-4.440892098500626e-16,0.0,0.0,6548.188855773089,-8.881784197001252e-16,0.0,1.9971194280841076,13782.726670647387,1.9971194280841071,0.0,0.0,8465.088690483073,8.881784197001252e-16,0.0,0.0,5486.11431194357,-2.220446049250313e-16,0.0,0.0,4778.977396290842,-2.220446049250313e-16,0.0,0.0,1334.2650379599531,0.0,0.0,0.0,7259.590032320543,0.0,0.0,0.0,5044.790998425282,0.0,0.0,1902.445445993785,63676.835750249345,0.19971194280841076,6367.6835750232185
78.0,0.0,0.0,18993639.0,231687.73353312994,0.0,0.0,2440.7845918804883,0.0,0.0,0.0,8536.309164525113,-4.440892098500626e-16,0.0,0.0,6548.188855773089,-8.881784197001252e-16,0.0,0.0,13782.726670647387,-4.440892098500626e-16,0.0,0.0,8465.088690483073,8.881784197001252e-16,0.0,0.0,5486.11431194357,-2.220446049250313e-16,0.0,0.0,4778.977396290842,-2.220446049250313e-16,0.0,0.0,1334.2650379599531,0.0,0.0,0.0,7259.590032320543,0.0,0.0,0.0,5044.790998425282,0.0,0.0,1902.445445993785,63676.835750249345,0.0,6367.6835750232185
79.0,0.0,0.0,18993639.0,231687.73353312994,0.0,0.0,2440.7845918804883,0.0,0.0,0.0,8536.309164525113,-4.440892098500626e-16,0.0,0.0,6548.188855773089,-8.881784197001252e-16,0.0,0.0,13782.726670647387,-4.440892098500626e-16,0.0,0.0,8465.088690483073,8.881784197001252e-16,0.0,0.0,5486.11431194357,-2.220446049250313e-16,0.0,0.0,4778.977396290842,-2.220446049250313e-16,0.0,0.0,1334.2650379599531,0.0,0.0,0.0,7259.590032320543,0.0,0.0,0.0,5044.790998425282,0.0,0.0,1902.445445993785,63676.835750249345,0.0,6367.6835750232185
80.0,0.0,0.0,18993639.0,231687.73353312994,0.0,0.0,2440.7845918804883,0.0,0.0,0.0,8536.309164525113,-4.440892098500626e-16,0.0,0.0,6548.188855773089,-8.881784197001252e-16,0.0,2.0,13784.726670647387,1.9999999999999996,0.0,0.0,8465.088690483073,8.881784197001252e-16,0.0,0.0,5486.11431194357,-2.220446049250313e-16,0.0,0.0,4778.977396290842,-2.220446049250313e-16,0.0,0.0,1334.2650379599531,0.0,0.0,0.0,7259.590032320543,0.0,0.0,0.0,5044.790998425282,0.0,0.0,1902.445445993785,63678.835750249345,0.2,6367.883575023218
81.0,0.0,0.0,18993639.0,231687.73353312994,0.0,0.0,2440.7845918804883,0.0,0.0,0.0,8536.309164525113,-4.440892098500626e-16,0.0,0.0,6548.188855773089,-8.881784197001252e-16,0.0,0.0,13784.726670647387,-4.440892098500626e-16,0.0,0.0,8465.088690483073,8.881784197001252e-16,0.0,0.0,5486.11431194357,-2.220446049250313e-16,0.0,0.0,4778.977396290842,-2.220446049250313e-16,0.0,0.0,1334.2650379599531,0.0,0.0,0.0,7259.590032320543,0.0,0.0,0.0,5044.790998425282,0.0,0.0,1902.445445993785,63678.835750249345,0.0,6367.883575023218
82.0,0.0,0.0,18993639.0,231687.73353312994,0.0,0.0,2440.7845918804883,0.0,0.0,0.0,8536.309164525113,-4.440892098500626e-16,0.0,0.0,6548.188855773089,-8.881784197001252e-16,0.0,0.0,13784.726670647387,-4.440892098500626e-16,0.0,0.0,8465.088690483073,8.881784197001252e-16,0.0,0.0,5486.11431194357,-2.220446049250313e-16,0.0,2.0,4780.977396290842,1.9999999999999998,0.0,0.0,1334.2650379599531,0.0,0.0,0.0,7259.590032320543,0.0,0.0,0.0,5044.790998425282,0.0,0.0,1902.445445993785,63680.835750249345,0.2,6368.083575023218
83.0,0.0,0.0,18993639.0,231687.73353312994,0.0,0.0,2440.7845918804883,0.0,0.0,0.0,8536.309164525113,-4.440892098500626e-16,0.0,0.0,6548.188855773089,-8.881784197001252e-16,0.0,0.0,13784.726670647387,-4.440892098500626e-16,0.0,0.0,8465.088690483073,8.881784197001252e-16,0.0,0.0,5486.11431194357,-2.220446049250313e-16,0.0,0.0,4780.977396290842,-2.220446049250313e-16,0.0,0.0,1334.2650379599531,0.0,0.0,0.0,7259.590032320543,0.0,0.0,0.0,5044.790998425282,0.0,0.0,1902.445445993785,63680.835750249345,0.0,6368.083575023218
84.0,0.0,0.0,18993639.0,231687.73353312994,0.0,0.0,2440.7845918804883,0.0,0.0,0.0,8536.309164525113,-4.440892098500626e-16,0.0,0.0,6548.188855773089,-8.881784197001252e-16,0.0,0.0,13784.726670647387,-4.440892098500626e-16,0.0,0.0,8465.088690483073,8.881784197001252e-16,0.0,0.0,5486.11431194357,-2.220446049250313e-16,0.0,0.0,4780.977396290842,-2.220446049250313e-16,0.0,0.0,1334.2650379599531,0.0,0.0,2.0,7261.590032320543,2.0,0.0,0.0,5044.790998425282,0.0,0.0,1902.445445993785,63682.835750249345,0.2,6368.283575023218
85.0,0.0,0.0,18993639.0,231687.73353312994,0.0,0.0,2440.7845918804883,0.0,0.0,0.0,8536.309164525113,-4.440892098500626e-16,0.0,0.0,6548.188855773089,-8.881784197001252e-16,0.0,0.0,13784.726670647387,-4.440892098500626e-16,0.0,0.0,8465.088690483073,8.881784197001252e-16,0.0,0.0,5486.11431194357,-2.220446049250313e-16,0.0,0.0,4780.977396290842,-2.220446049250313e-16,0.0,0.0,1334.2650379599531,0.0,0.0,2.0,7263.590032320543,2.0,0.0,0.0,5044.790998425282,0.0,0.0,1902.445445993785,63684.835750249345,0.2,6368.483575023218
86.0,3.0,0.14285714285714285,18993642.0,231687.8763902728,0.0,0.0,2440.7845918804883,0.0,0.0,0.0,8536.309164525113,-4.440892098500626e-16,0.0,0.0,6548.188855773089,-8.881784197001252e-16,0.0,0.0,13784.726670647387,-4.440892098500626e-16,0.0,0.0,8465.088690483073,8.881784197001252e-16,0.0,0.0,5486.11431194357,-2.220446049250313e-16,0.0,0.0,4780.977396290842,-2.220446049250313e-16,0.0,0.0,1334.2650379599531,0.0,0.0,0.0,7263.590032320543,0.0,0.0,2.0,5046.790998425282,2.0,0.0,1902.445445993785,63686.835750249345,0.2,6368.683575023218
87.0,6.0,0.2857142857142857,18993648.0,231688.16210455852,0.0,0.0,2440.7845918804883,0.0,0.0,0.0,8536.309164525113,-4.440892098500626e-16,0.0,0.0,6548.188855773089,-8.881784197001252e-16,0.0,0.0,13784.726670647387,-4.440892098500626e-16,0.0,0.0,8465.088690483073,8.881784197001252e-16,0.0,0.0,5486.11431194357,-2.220446049250313e-16,0.0,0.0,4780.977396290842,-2.220446049250313e-16,0.0,0.0,1334.2650379599531,0.0,0.0,0.0,7263.590032320543,0.0,0.0,2.0,5048.790998425282,2.0,0.0,1902.445445993785,63688.835750249345,0.2,6368.883575023217
88.0,9.0,0.42857142857142855,18993657.0,231688.5906759871,0.0,0.0,2440.7845918804883,0.0,0.0,0.0,8536.309164525113,-4.440892098500626e-16,0.0,0.0,6548.188855773089,-8.881784197001252e-16,0.0,0.0,13784.726670647387,-4.440892098500626e-16,0.0,0.0,8465.088690483073,8.881784197001252e-16,0.0,0.0,5486.11431194357,-2.220446049250313e-16,0.0,0.0,4780.977396290842,-2.220446049250313e-16,0.0,0.0,1334.2650379599531,0.0,0.0,0.0,7263.590032320543,0.0,0.0,0.0,5048.790998425282,0.0,0.0,1902.445445993785,63688.835750249345,0.0,6368.883575023217
89.0,4.0,0.19047619047619047,18993661.0,231688.78115217757,0.0,0.0,2440.7845918804883,0.0,0.0,0.0,8536.309164525113,-4.440892098500626e-16,0.0,0.0,6548.188855773089,-8.881784197001252e-16,0.0,0.0,13784.726670647387,-4.440892098500626e-16,0.0,0.0,8465.088690483073,8.881784197001252e-16,0.0,0.0,5486.11431194357,-2.220446049250313e-16,0.0,0.0,4780.977396290842,-2.220446049250313e-16,0.0,0.0,1334.2650379599531,0.0,0.0,0.0,7263.590032320543,0.0,0.0,0.0,5048.790998425282,0.0,0.0,1902.445445993785,63688.835750249345,0.0,6368.883575023217
90.0,5.0,0.23809523809523808,18993666.0,231689.01924741568,0.0,0.0,2440.7845918804883,0.0,0.0,0.0,8536.309164525113,-4.440892098500626e-16,0.0,0.0,6548.188855773089,-8.881784197001252e-16,0.0,0.0,13784.726670647387,-4.440892098500626e-16,0.0,0.0,8465.088690483073,8.881784197001252e-16,0.0,0.0,5486.11431194357,-2.220446049250313e-16,0.0,0.0,4780.977396290842,-2.220446049250313e-16,0.0,0.0,1334.2650379599531,0.0,0.0,0.0,7263.590032320543,0.0,0.0,0.0,5048.790998425282,0.0,0.0,1902.445445993785,63688.835750249345,0.0,6368.883575023217
91.0,0.0,0.0,18993666.0,231689.01924741568,0.0,0.0,2440.7845918804883,0.0,0.0,0.0,8536.309164525113,-4.440892098500626e-16,0.0,0.0,6548.188855773089,-8.881784197001252e-16,0.0,0.0,13784.726670647387,-4.440892098500626e-16,0.0,0.0,8465.088690483073,8.881784197001252e-16,0.0,0.0,5486.11431194357,-2.220446049250313e-16,0.0,0.0,4780.977396290842,-2.220446049250313e-16,0.0,0.0,1334.2650379599531,0.0,0.0,0.0,7263.590032320543,0.0,0.0,0.0,5048.790998425282,0.0,0.0,1902.445445993785,63688.835750249345,0.0,6368.883575023217
92.0,0.0,0.0,18993666.0,231689.01924741568,0.0,0.0,2440.7845918804883,0.0,0.0,2.0,8538.309164525113,1.9999999999999996,0.0,0.0,6548.188855773089,-8.881784197001252e-16,0.0,2.0,13786.726670647387,1.9999999999999996,0.0,2.0,8467.088690483073,2.000000000000001,0.0,1.8726604735842427,5487.986972417154,1.8726604735842425,0.0,0.0,4780.977396290842,-2.220446049250313e-16,0.0,0.0,1334.2650379599531,0.0,0.0,0.0,7263.590032320543,0.0,0.0,0.0,5048.790998425282,0.0,0.0,1902.445445993785,63696.708410722924,0.7872660473584243,6369.670841070576
93.0,0.0,0.0,18993666.0,231689.01924741568,0.0,0.0,2440.7845918804883,0.0,0.0,0.0,8538.309164525113,-4.440892098500626e-16,0.0,0.0,6548.188855773089,-8.881784197001252e-16,0.0,0.0,13786.726670647387,-4.440892098500626e-16,0.0,0.0,8467.088690483073,8.881784197001252e-16,0.0,0.0,5487.986972417154,-2.220446049250313e-16,0.0,0.0,4780.977396290842,-2.220446049250313e-16,0.0,0.0,1334.2650379599531,0.0,0.0,0.0,7263.590032320543,0.0,0.0,0.0,5048.790998425282,0.0,0.0,1902.445445993785,63696.708410722924,0.0,6369.670841070576
94.0,0.0,0.0,18993666.0,231689.01924741568,0.0,0.0,2440.7845918804883,0.0,0.0,0.0,8538.309164525113,-4.440892098500626e-16,0.0,0.0,6548.188855773089,-8.881784197001252e-16,0.0,0.0,13786.726670647387,-4.440892098500626e-16,0.0,0.0,8467.088690483073,8.881784197001252e-16,0.0,0.0,5487.986972417154,-2.220446049250313e-16,0.0,0.0,4780.977396290842,-2.220446049250313e-16,0.0,0.0,1334.2650379599531,0.0,0.0,0.0,7263.590032320543,0.0,0.0,0.0,5048.790998425282,0.0,0.0,1902.445445993785,63696.708410722924,0.0,6369.670841070576
95.0,0.0,0.0,18993666.0,231689.01924741568,0.0,0.0,2440.7845918804883,0.0,0.0,0.0,8538.309164525113,-4.440892098500626e-16,0.0,1.7384720235997477,6549.927327796689,1.7384720235997468,0.0,0.0,13786.726670647387,-4.440892098500626e-16,0.0,0.0,8467.088690483073,8.881784197001252e-16,0.0,0.0,5487.986972417154,-2.220446049250313e-16,0.0,0.0,4780.977396290842,-2.220446049250313e-16,0.0,0.0,1334.2650379599531,0.0,0.0,0.0,7263.590032320543,0.0,0.0,0.0,5048.790998425282,0.0,0.0,1902.445445993785,63698.446882746524,0.17384720235997478,6369.844688272936
96.0,0.0,0.0,18993666.0,231689.01924741568,0.0,0.0,2440.7845918804883,0.0,0.0,2.0,8540.309164525113,1.9999999999999996,0.0,0.0,6549.927327796689,-8.881784197001252e-16,0.0,0.0,13786.726670647387,-4.440892098500626e-16,0.0,0.0,8467.088690483073,8.881784197001252e-16,0.0,0.0,5487.986972417154,-2.220446049250313e-16,0.0,0.0,4780.977396290842,-2.220446049250313e-16,0.0,0.0,1334.2650379599531,0.0,0.0,0.0,7263.590032320543,0.0,0.0,0.0,5048.790998425282,0.0,0.0,1902.445445993785,63700.446882746524,0.2,6370.044688272936
97.0,0.0,0.0,18993666.0,231689.01924741568,0.0,0.0,2440.7845918804883,0.0,0.0,0.0,8540.309164525113,-4.440892098500626e-16,0.0,0.0,6549.927327796689,-8.881784197001252e-16,0.0,0.0,13786.726670647387,-4.440892098500626e-16,0.0,0.0,8467.088690483073,8.881784197001252e-16,0.0,0.0,5487.986972417154,-2.220446049250313e-16,0.0,0.0,4780.977396290842,-2.220446049250313e-16,0.0,0.0,1334.2650379599531,0.0,0.0,0.0,7263.590032320543,0.0,0.0,0.0,5048.790998425282,0.0,0.0,1902.445445993785,63700.446882746524,0.0,6370.044688272936
98.0,0.0,0.0,18993666.0,231689.01924741568,0.0,0.0,2440.7845918804883,0.0,0.0,0.0,8540.309164525113,-4.440892098500626e-16,0.0,0.0,6549.927327796689,-8.881784197001252e-16,0.0,0.0,13786.726670647387,-4.440892098500626e-16,0.0,0.0,8467.088690483073,8.881784197001252e-16,0.0,0.0,5487.986972417154,-2.220446049250313e-16,0.0,0.0,4780.977396290842,-2.220446049250313e-16,0.0,0.0,1334.2650379599531,0.0,0.0,0.0,7263.590032320543,0.0,0.0,0.0,5048.790998425282,0.0,0.0,1902.445445993785,63700.446882746524,0.0,6370.044688272936
99.0,0.0,0.0,18993666.0,231689.01924741568,0.0,0.0,2440.7845918804883,0.0,0.0,0.0,8540.309164525113,-4.440892098500626e-16,0.0,0.0,6549.927327796689,-8.881784197001252e-16,0.0,0.0,13786.726670647387,-4.440892098500626e-16,0.0,0.0,8467.088690483073,8.881784197001252e-16,0.0,0.0,5487.986972417154,-2.220446049250313e-16,0.0,0.0,4780.977396290842,-2.220446049250313e-16,0.0,0.0,1334.2650379599531,0.0,0.0,0.0,7263.590032320543,0.0,0.0,0.0,5048.790998425282,0.0,0.0,1902.445445993785,63700.446882746524,0.0,6370.044688272936
100.0,0.0,0.0,18993666.0,231689.01924741568,0.0,0.0,2440.7845918804883,0.0,0.0,0.0,8540.309164525113,-4.440892098500626e-16,0.0,0.0,6549.927327796689,-8.881784197001252e-16,0.0,0.0,13786.726670647387,-4.440892098500626e-16,0.0,0.0,8467.088690483073,8.881784197001252e-16,0.0,0.0,5487.986972417154,-2.220446049250313e-16,0.0,0.0,4780.977396290842,-2.220446049250313e-16,0.0,0.0,1334.2650379599531,0.0,0.0,0.0,7263.590032320543,0.0,0.0,0.0,5048.790998425282,0.0,0.0,1902.445445993785,63700.446882746524,0.0,6370.044688272936
101.0,0.0,0.0,18993666.0,231689.01924741568,0.0,0.0,2440.7845918804883,0.0,0.0,0.0,8540.309164525113,-4.440892098500626e-16,0.0,0.0,6549.927327796689,-8.881784197001252e-16,0.0,0.3319801370625188,13787.05865078445,0.33198013706251833,0.0,2.0,8469.088690483073,2.000000000000001,0.0,0.0,5487.986972417154,-2.220446049250313e-16,0.0,0.0,4780.977396290842,-2.220446049250313e-16,0.0,0.0,1334.2650379599531,0.0,0.0,0.0,7263.590032320543,0.0,0.0,0.0,5048.790998425282,0.0,0.0,1902.445445993785,63702.778862883584,0.23319801370625187,6370.277886286642
102.0,0.0,0.0,18993666.0,231689.01924741568,0.0,0.0,2440.7845918804883,0.0,0.0,0.0,8540.309164525113,-4.440892098500626e-16,0.0,0.0,6549.927327796689,-8.881784197001252e-16,0.0,0.0,13787.05865078445,-4.440892098500626e-16,0.0,-1.0673025912754852,8468.021387891798,-1.0673025912754843,0.0,0.0,5487.986972417154,-2.220446049250313e-16,0.0,0.0,4780.977396290842,-2.220446049250313e-16,0.0,0.0,1334.2650379599531,0.0,0.0,0.0,7263.590032320543,0.0,0.0,0.0,5048.790998425282,0.0,0.0,1903.5127485850603,63701.71156029231,-0.10673025912754852,6370.171156027514
103.0,0.0,0.0,18993666.0,231689.01924741568,0.0,0.0,2440.7845918804883,0.0,0.0,0.0,8540.309164525113,-4.440892098500626e-16,0.0,0.0,6549.927327796689,-8.881784197001252e-16,0.0,0.0,13787.05865078445,-4.440892098500626e-16,0.0,0.0,8468.021387891798,8.881784197001252e-16,0.0,2.0,5489.986972417154,1.9999999999999998,0.0,0.0,4780.977396290842,-2.220446049250313e-16,0.0,0.0,1334.2650379599531,0.0,0.0,0.0,7263.590032320543,0.0,0.0,0.0,5048.790998425282,0.0,0.0,1903.5127485850603,63703.71156029231,0.2,6370.371156027514
104.0,0.0,0.0,18993666.0,231689.01924741568,0.0,0.0,2440.7845918804883,0.0,0.0,0.0,8540.309164525113,-4.440892098500626e-16,0.0,0.0,6549.927327796689,-8.881784197001252e-16,0.0,0.0,13787.05865078445,-4.440892098500626e-16,0.0,0.0,8468.021387891798,8.881784197001252e-16,0.0,0.0,5489.986972417154,-2.220446049250313e-16,0.0,0.0,4780.977396290842,-2.220446049250313e-16,0.0,0.0,1334.2650379599531,0.0,0.0,0.0,7263.590032320543,0.0,0.0,0.0,5048.790998425282,0.0,0.0,1903.5127485850603,63703.71156029231,0.0,6370.371156027514
105.0,0.0,0.0,18993666.0,231689.01924741568,0.0,0.0,2440.7845918804883,0.0,0.0,0.0,8540.309164525113,-4.440892098500626e-16,0.0,0.0,6549.927327796689,-8.881784197001252e-16,0.0,0.0,13787.05865078445,-4.440892098500626e-16,0.0,0.0,8468.021387891798,8.881784197001252e-16,0.0,0.0,5489.986972417154,-2.220446049250313e-16,0.0,0.0,4780.977396290842,-2.220446049250313e-16,0.0,0.0,1334.2650379599531,0.0,0.0,0.0,7263.590032320543,0.0,0.0,0.0,5048.790998425282,0.0,0.0,1903.5127485850603,63703.71156029231,0.0,6370.371156027514
106.0,0.0,0.0,18993666.0,231689.01924741568,0.0,0.0,2440.7845918804883,0.0,0.0,0.0,8540.309164525113,-4.440892098500626e-16,0.0,0.0,6549.927327796689,-8.881784197001252e-16,0.0,0.0,13787.05865078445,-4.440892098500626e-16,0.0,0.0,8468.021387891798,8.881784197001252e-16,0.0,0.0,5489.986972417154,-2.220446049250313e-16,0.0,0.0,4780.977396290842,-2.220446049250313e-16,0.0,0.0,1334.2650379599531,0.0,0.0,0.0,7263.590032320543,0.0,0.0,0.0,5048.790998425282,0.0,0.0,1903.5127485850603,63703.71156029231,0.0,6370.371156027514
107.0,0.0,0.0,18993666.0,231689.01924741568,0.0,0.0,2440.7845918804883,0.0,0.0,0.0,8540.309164525113,-4.440892098500626e-16,0.0,0.0,6549.927327796689,-8.881784197001252e-16,0.0,0.0,13787.05865078445,-4.440892098500626e-16,0.0,0.0,8468.021387891798,8.881784197001252e-16,0.0,0.0,5489.986972417154,-2.220446049250313e-16,0.0,0.0,4780.977396290842,-2.220446049250313e-16,0.0,0.0,1334.2650379599531,0.0,0.0,0.0,7263.590032320543,0.0,0.0,0.0,5048.790998425282,0.0,0.0,1903.5127485850603,63703.71156029231,0.0,6370.371156027514
108.0,0.0,0.0,18993666.0,231689.01924741568,0.0,0.0,2440.7845918804883,0.0,0.0,0.0,8540.309164525113,-4.440892098500626e-16,0.0,0.0,6549.927327796689,-8.881784197001252e-16,0.0,0.0,13787.05865078445,-4.440892098500626e-16,0.0,0.0,8468.021387891798,8.881784197001252e-16,0.0,0.0,5489.986972417154,-2.220446049250313e-16,0.0,0.0,4780.977396290842,-2.220446049250313e-16,0.0,0.0,1334.2650379599531,0.0,0.0,0.0,7263.590032320543,0.0,0.0,0.0,5048.790998425282,0.0,0.0,1903.5127485850603,63703.71156029231,0.0,6370.371156027514
109.0,0.0,0.0,18993666.0,231689.01924741568,0.0,0.0,2440.7845918804883,0.0,0.0,0.0,8540.309164525113,-4.440892098500626e-16,0.0,0.0,6549.927327796689,-8.881784197001252e-16,0.0,0.0,13787.05865078445,-4.440892098500626e-16,0.0,0.0,8468.021387891798,8.881784197001252e-16,0.0,0.0,5489.986972417154,-2.220446049250313e-16,0.0,0.0,4780.977396290842,-2.220446049250313e-16,0.0,0.0,1334.2650379599531,0.0,0.0,0.0,7263.590032320543,0.0,0.0,0.0,5048.790998425282,0.0,0.0,1903.5127485850603,63703.71156029231,0.0,6370.371156027514
110.0,0.0,0.0,18993666.0,231689.01924741568,0.0,0.0,2440.7845918804883,0.0,0.0,0.0,8540.309164525113,-4.440892098500626e-16,0.0,0.0,6549.927327796689,-8.881784197001252e-16,0.0,2.0,13789.05865078445,1.9999999999999996,0.0,0.0,8468.021387891798,8.881784197001252e-16,0.0,0.0,5489.986972417154,-2.220446049250313e-16,0.0,0.0,4780.977396290842,-2.220446049250313e-16,0.0,0.0,1334.2650379599531,0.0,0.0,0.0,7263.590032320543,0.0,0.0,0.0,5048.790998425282,0.0,0.0,1903.5127485850603,63705.71156029231,0.2,6370.571156027514
111.0,0.0,0.0,18993666.0,231689.01924741568,0.0,0.0,2440.7845918804883,0.0,0.0,2.0,8542.309164525113,1.9999999999999996,0.0,0.0,6549.927327796689,-8.881784197001252e-16,0.0,2.0,13791.05865078445,1.9999999999999996,0.0,0.0,8468.021387891798,8.881784197001252e-16,0.0,0.0,5489.986972417154,-2.220446049250313e-16,0.0,0.0,4780.977396290842,-2.220446049250313e-16,0.0,0.0,1334.2650379599531,0.0,0.0,0.0,7263.590032320543,0.0,0.0,0.0,5048.790998425282,0.0,0.0,1903.5127485850603,63709.71156029231,0.4,6370.971156027514
112.0,0.0,0.0,18993666.0,231689.01924741568,0.0,0.0,2440.7845918804883,0.0,0.0,0.0,8542.309164525113,-4.440892098500626e-16,0.0,0.0,6549.927327796689,-8.881784197001252e-16,0.0,0.0,13791.05865078445,-4.440892098500626e-16,0.0,0.0,8468.021387891798,8.881784197001252e-16,0.0,0.0,5489.986972417154,-2.220446049250313e-16,0.0,2.0,4782.977396290842,1.9999999999999998,0.0,0.0,1334.2650379599531,0.0,0.0,0.0,7263.590032320543,0.0,0.0,0.0,5048.790998425282,0.0,0.0,1903.5127485850603,63711.71156029231,0.2,6371.1711560275135
113.0,0.0,0.0,18993666.0,231689.01924741568,0.0,0.0,2440.7845918804883,0.0,0.0,0.0,8542.309164525113,-4.440892098500626e-16,0.0,0.0,6549.927327796689,-8.881784197001252e-16,0.0,0.0,13791.05865078445,-4.440892098500626e-16,0.0,0.0,8468.021387891798,8.881784197001252e-16,0.0,0.0,5489.986972417154,-2.220446049250313e-16,0.0,0.0,4782.977396290842,-2.220446049250313e-16,0.0,0.0,1334.2650379599531,0.0,0.0,0.0,7263.590032320543,0.0,0.0,0.0,5048.790998425282,0.0,0.0,1903.5127485850603,63711.71156029231,0.0,6371.1711560275135
114.0,0.0,0.0,18993666.0,231689.01924741568,0.0,0.0,2440.7845918804883,0.0,0.0,0.0,8542.309164525113,-4.440892098500626e-16,0.0,0.0,6549.927327796689,-8.881784197001252e-16,0.0,0.0,13791.05865078445,-4.440892098500626e-16,0.0,0.0,8468.021387891798,8.881784197001252e-16,0.0,0.0,5489.986972417154,-2.220446049250313e-16,0.0,0.0,4782.977396290842,-2.220446049250313e-16,0.0,0.0,1334.2650379599531,0.0,0.0,2.0,7265.590032320543,2.0,0.0,0.0,5048.790998425282,0.0,0.0,1903.5127485850603,63713.71156029231,0.2,6371.371156027513
115.0,0.0,0.0,18993666.0,231689.01924741568,0.0,0.0,2440.7845918804883,0.0,0.0,0.0,8542.309164525113,-4.440892098500626e-16,0.0,1.974590157339826,6551.901917954028,1.974590157339825,0.0,0.0,13791.05865078445,-4.440892098500626e-16,0.0,0.0,8468.021387891798,8.881784197001252e-16,0.0,0.0,5489.986972417154,-2.220446049250313e-16,0.0,0.0,4782.977396290842,-2.220446049250313e-16,0.0,0.0,1334.2650379599531,0.0,0.0,0.0,7265.590032320543,0.0,0.0,0.0,5048.790998425282,0.0,0.0,1903.5127485850603,63715.68615044965,0.19745901573398258,6371.5686150432475
116.0,0.0,0.0,18993666.0,231689.01924741568,0.0,0.0,2440.7845918804883,0.0,0.0,0.0,8542.309164525113,-4.440892098500626e-16,0.0,0.0,6551.901917954028,-8.881784197001252e-16,0.0,0.0,13791.05865078445,-4.440892098500626e-16,0.0,0.0,8468.021387891798,8.881784197001252e-16,0.0,0.0,5489.986972417154,-2.220446049250313e-16,0.0,0.0,4782.977396290842,-2.220446049250313e-16,0.0,0.0,1334.2650379599531,0.0,0.0,0.0,7265.590032320543,0.0,0.0,2.0,5050.790998425282,2.0,0.0,1903.5127485850603,63717.68615044965,0.2,6371.768615043247
117.0,0.0,0.0,18993666.0,231689.01924741568,0.0,0.0,2440.7845918804883,0.0,0.0,0.0,8542.309164525113,-4.440892098500626e-16,0.0,0.0,6551.901917954028,-8.881784197001252e-16,0.0,0.0,13791.05865078445,-4.440892098500626e-16,0.0,0.0,8468.021387891798,8.881784197001252e-16,0.0,0.0,5489.986972417154,-2.220446049250313e-16,0.0,0.0,4782.977396290842,-2.220446049250313e-16,0.0,0.0,1334.2650379599531,0.0,0.0,0.0,7265.590032320543,0.0,0.0,0.0,5050.790998425282,0.0,0.0,1903.5127485850603,63717.68615044965,0.0,6371.768615043247
118.0,0.0,0.0,18993666.0,231689.01924741568,0.0,0.0,2440.7845918804883,0.0,0.0,0.0,8542.309164525113,-4.440892098500626e-16,0.0,0.0,6551.901917954028,-8.881784197001252e-16,0.0,0.0,13791.05865078445,-4.440892098500626e-16,0.0,0.0,8468.021387891798,8.881784197001252e-16,0.0,0.0,5489.986972417154,-2.220446049250313e-16,0.0,0.0,4782.977396290842,-2.220446049250313e-16,0.0,0.0,1334.2650379599531,0.0,0.0,0.0,7265.590032320543,0.0,0.0,0.0,5050.790998425282,0.0,0.0,1903.5127485850603,63717.68615044965,0.0,6371.768615043247
119.0,0.0,0.0,18993666.0,231689.01924741568,0.0,0.0,2440.7845918804883,0.0,0.0,0.0,8542.309164525113,-4.440892098500626e-16,0.0,0.0,6551.901917954028,-8.881784197001252e-16,0.0,0.0,13791.05865078445,-4.440892098500626e-16,0.0,0.0,8468.021387891798,8.881784197001252e-16,0.0,0.0,5489.986972417154,-2.220446049250313e-16,0.0,0.0,4782.977396290842,-2.220446049250313e-16,0.0,0.0,1334.2650379599531,0.0,0.0,0.0,7265.590032320543,0.0,0.0,0.0,5050.790998425282,0.0,0.0,1903.5127485850603,63717.68615044965,0.0,6371.768615043247
120.0,0.0,0.0,18993666.0,231689.01924741568,0.0,2.0,2442.7845918804883,2.0,0.0,0.0,8542.309164525113,-4.440892098500626e-16,0.0,0.0,6551.901917954028,-8.881784197001252e-16,0.0,0.0,13791.05865078445,-4.440892098500626e-16,0.0,0.0,8468.021387891798,8.881784197001252e-16,0.0,0.0,5489.986972417154,-2.220446049250313e-16,0.0,0.0,4782.977396290842,-2.220446049250313e-16,0.0,0.0,1334.2650379599531,0.0,0.0,0.0,7265.590032320543,0.0,0.0,0.0,5050.790998425282,0.0,0.0,1903.5127485850603,63719.68615044965,0.2,6371.968615043247
121.0,0.0,0.0,18993666.0,231689.01924741568,0.0,0.0,2442.7845918804883,0.0,0.0,0.0,8542.309164525113,-4.440892098500626e-16,0.0,0.0,6551.901917954028,-8.881784197001252e-16,0.0,2.0,13793.05865078445,1.9999999999999996,0.0,0.0,8468.021387891798,8.881784197001252e-16,0.0,0.0,5489.986972417154,-2.220446049250313e-16,0.0,0.0,4782.977396290842,-2.220446049250313e-16,0.0,0.0,1334.2650379599531,0.0,0.0,0.0,7265.590032320543,0.0,0.0,0.0,5050.790998425282,0.0,0.0,1903.5127485850603,63721.68615044965,0.2,6372.168615043247
122.0,0.0,0.0,18993666.0,231689.01924741568,0.0,0.0,2442.7845918804883,0.0,0.0,2.0,8544.309164525113,1.9999999999999996,0.0,0.0,6551.901917954028,-8.881784197001252e-16,0.0,0.0,13793.05865078445,-4.440892098500626e-16,0.0,0.0,8468.021387891798,8.881784197001252e-16,0.0,1.05,5491.036972417154,1.0499999999999998,0.0,0.0,4782.977396290842,-2.220446049250313e-16,0.0,0.0,1334.2650379599531,0.0,0.0,0.0,7265.590032320543,0.0,0.0,0.0,5050.790998425282,0.0,0.0,1903.5127485850603,63724.73615044965,0.305,6372.473615043247
123.0,0.0,0.0,18993666.0,231689.01924741568,0.0,0.0,2442.7845918804883,0.0,0.0,0.0,8544.309164525113,-4.440892098500626e-16,0.0,0.0,6551.901917954028,-8.881784197001252e-16,0.0,0.0,13793.05865078445,-4.440892098500626e-16,0.0,2.0,8470.021387891798,2.000000000000001,0.0,0.0,5491.036972417154,-2.220446049250313e-16,0.0,0.0,4782.977396290842,-2.220446049250313e-16,0.0,0.0,1334.2650379599531,0.0,0.0,0.0,7265.590032320543,0.0,0.0,0.0,5050.790998425282,0.0,0.0,1903.5127485850603,63726.73615044965,0.2,6372.673615043247
124.0,0.0,0.0,18993666.0,231689.01924741568,0.0,0.0,2442.7845918804883,0.0,0.0,2.0,8546.309164525113,1.9999999999999996,0.0,0.0,6551.901917954028,-8.881784197001252e-16,0.0,0.0,13793.05865078445,-4.440892098500626e-16,0.0,0.0,8470.021387891798,8.881784197001252e-16,0.0,0.0,5491.036972417154,-2.220446049250313e-16,0.0,0.0,4782.977396290842,-2.220446049250313e-16,0.0,0.0,1334.2650379599531,0.0,0.0,0.0,7265.590032320543,0.0,0.0,0.0,5050.790998425282,0.0,0.0,1903.5127485850603,63728.73615044965,0.2,6372.873615043247
125.0,0.0,0.0,18993666.0,231689.01924741568,0.0,0.0,2442.7845918804883,0.0,0.0,0.0,8546.309164525113,-4.440892098500626e-16,0.0,1.9257598583053337,6553.827677812334,1.9257598583053328,0.0,0.0,13793.05865078445,-4.440892098500626e-16,0.0,0.0,8470.021387891798,8.881784197001252e-16,0.0,0.0,5491.036972417154,-2.220446049250313e-16,0.0,0.0,4782.977396290842,-2.220446049250313e-16,0.0,0.0,1334.2650379599531,0.0,0.0,0.0,7265.590032320543,0.0,0.0,0.0,5050.790998425282,0.0,0.0,1903.5127485850603,63730.66191030796,0.19257598583053337,6373.066191029077
126.0,0.0,0.0,18993666.0,231689.01924741568,0.0,0.0,2442.7845918804883,0.0,0.0,0.0,8546.309164525113,-4.440892098500626e-16,0.0,2.0,6555.827677812334,1.9999999999999991,0.0,0.0,13793.05865078445,-4.440892098500626e-16,0.0,0.0,8470.021387891798,8.881784197001252e-16,0.0,0.0,5491.036972417154,-2.220446049250313e-16,0.0,0.0,4782.977396290842,-2.220446049250313e-16,0.0,0.0,1334.2650379599531,0.0,0.0,0.0,7265.590032320543,0.0,0.0,0.0,5050.790998425282,0.0,0.0,1903.5127485850603,63732.66191030796,0.2,6373.266191029077
127.0,0.0,0.0,18993666.0,231689.01924741568,0.0,0.0,2442.7845918804883,0.0,0.0,0.0,8546.309164525113,-4.440892098500626e-16,0.0,0.0,6555.827677812334,-8.881784197001252e-16,0.0,0.0,13793.05865078445,-4.440892098500626e-16,0.0,0.0,8470.021387891798,8.881784197001252e-16,0.0,0.0,5491.036972417154,-2.220446049250313e-16,0.0,0.0,4782.977396290842,-2.220446049250313e-16,0.0,0.0,1334.2650379599531,0.0,0.0,0.0,7265.590032320543,0.0,0.0,0.0,5050.790998425282,0.0,0.0,1903.5127485850603,63732.66191030796,0.0,6373.266191029077
128.0,0.0,0.0,18993666.0,231689.01924741568,0.0,0.0,2442.7845918804883,0.0,0.0,0.0,8546.309164525113,-4.440892098500626e-16,0.0,0.0,6555.827677812334,-8.881784197001252e-16,0.0,0.0,13793.05865078445,-4.440892098500626e-16,0.0,0.0,8470.021387891798,8.881784197001252e-16,0.0,0.0,5491.036972417154,-2.220446049250313e-16,0.0,0.0,4782.977396290842,-2.220446049250313e-16,0.0,0.0,1334.2650379599531,0.0,0.0,0.0,7265.590032320543,0.0,0.0,0.0,5050.790998425282,0.0,0.0,1903.5127485850603,63732.66191030796,0.0,6373.266191029077
129.0,0.0,0.0,18993666.0,231689.01924741568,0.0,0.0,2442.7845918804883,0.0,0.0,0.0,8546.309164525113,-4.440892098500626e-16,0.0,0.0,6555.827677812334,-8.881784197001252e-16,0.0,0.0,13793.05865078445,-4.440892098500626e-16,0.0,1.8602252844448344,8471.881613176243,1.8602252844448353,0.0,0.0,5491.036972417154,-2.220446049250313e-16,0.0,0.0,4782.977396290842,-2.220446049250313e-16,0.0,0.0,1334.2650379599531,0.0,0.0,0.0,7265.590032320543,0.0,0.0,0.0,5050.790998425282,0.0,0.0,1903.5127485850603,63734.52213559241,0.18602252844448344,6373.452213557522
130.0,0.0,0.0,18993666.0,231689.01924741568,0.0,2.0,2444.7845918804883,2.0,0.0,0.0,8546.309164525113,-4.440892098500626e-16,0.0,0.0,6555.827677812334,-8.881784197001252e-16,0.0,2.0,13795.05865078445,1.9999999999999996,0.0,0.0,8471.881613176243,8.881784197001252e-16,0.0,0.0,5491.036972417154,-2.220446049250313e-16,0.0,0.0,4782.977396290842,-2.220446049250313e-16,0.0,0.0,1334.2650379599531,0.0,0.0,0.0,7265.590032320543,0.0,0.0,0.0,5050.790998425282,0.0,0.0,1903.5127485850603,63738.52213559241,0.4,6373.852213557521
131.0,0.0,0.0,18993666.0,231689.01924741568,0.0,0.0,2444.7845918804883,0.0,0.0,0.0,8546.309164525113,-4.440892098500626e-16,0.0,0.0,6555.827677812334,-8.881784197001252e-16,0.0,0.0,13795.05865078445,-4.440892098500626e-16,0.0,0.0,8471.881613176243,8.881784197001252e-16,0.0,0.0,5491.036972417154,-2.220446049250313e-16,0.0,0.0,4782.977396290842,-2.220446049250313e-16,0.0,0.0,1334.2650379599531,0.0,0.0,2.0,7267.590032320543,2.0,0.0,0.0,5050.790998425282,0.0,0.0,1903.5127485850603,63740.52213559241,0.2,6374.052213557521
132.0,0.0,0.0,18993666.0,231689.01924741568,0.0,0.0,2444.7845918804883,0.0,0.0,0.0,8546.309164525113,-4.440892098500626e-16,0.0,0.0,6555.827677812334,-8.881784197001252e-16,0.0,0.0,13795.05865078445,-4.440892098500626e-16,0.0,0.0,8471.881613176243,8.881784197001252e-16,0.0,0.0,5491.036972417154,-2.220446049250313e-16,0.0,0.0,4782.977396290842,-2.220446049250313e-16,0.0,0.0,1334.2650379599531,0.0,0.0,0.0,7267.590032320543,0.0,0.0,0.0,5050.790998425282,0.0,0.0,1903.5127485850603,63740.52213559241,0.0,6374.052213557521
133.0,0.0,0.0,18993666.0,231689.01924741568,0.0,0.0,2444.7845918804883,0.0,0.0,0.0,8546.309164525113,-4.440892098500626e-16,0.0,0.0,6555.827677812334,-8.881784197001252e-16,0.0,0.0,13795.05865078445,-4.440892098500626e-16,0.0,0.0,8471.881613176243,8.881784197001252e-16,0.0,0.0,5491.036972417154,-2.220446049250313e-16,0.0,0.0,4782.977396290842,-2.220446049250313e-16,0.0,0.0,1334.2650379599531,0.0,0.0,0.0,7267.590032320543,0.0,0.0,0.0,5050.790998425282,0.0,0.0,1903.5127485850603,63740.52213559241,0.0,6374.052213557521
134.0,0.0,0.0,18993666.0,231689.01924741568,0.0,0.0,2444.7845918804883,0.0,0.0,0.0,8546.309164525113,-4.440892098500626e-16,0.0,2.0,6557.827677812334,1.9999999999999991,0.0,1.7070630194288303,13796.765713803878,1.7070630194288299,0.0,0.0,8471.881613176243,8.881784197001252e-16,0.0,0.0,5491.036972417154,-2.220446049250313e-16,0.0,0.0,4782.977396290842,-2.220446049250313e-16,0.0,0.0,1334.2650379599531,0.0,0.0,0.0,7267.590032320543,0.0,0.0,0.0,5050.790998425282,0.0,0.0,1903.5127485850603,63744.22919861183,0.370706301942883,6374.422919859464
135.0,0.0,0.0,18993666.0,231689.01924741568,0.0,0.0,2444.7845918804883,0.0,0.0,0.0,8546.309164525113,-4.440892098500626e-16,0.0,0.0,6557.827677812334,-8.881784197001252e-16,0.0,1.8512096120378656,13798.616923415915,1.8512096120378652,0.0,0.0,8471.881613176243,8.881784197001252e-16,0.0,0.0,5491.036972417154,-2.220446049250313e-16,0.0,0.0,4782.977396290842,-2.220446049250313e-16,0.0,0.0,1334.2650379599531,0.0,0.0,0.0,7267.590032320543,0.0,0.0,0.0,5050.790998425282,0.0,0.0,1903.5127485850603,63746.08040822387,0.18512096120378657,6374.608040820668
136.0,1.0,0.030303030303030304,18993667.0,231689.04955044598,0.0,0.0,2444.7845918804883,0.0,0.0,0.0,8546.309164525113,-4.440892098500626e-16,0.0,0.0,6557.827677812334,-8.881784197001252e-16,0.0,0.0,13798.616923415915,-4.440892098500626e-16,0.0,0.0,8471.881613176243,8.881784197001252e-16,0.0,0.0,5491.036972417154,-2.220446049250313e-16,0.0,0.0,4782.977396290842,-2.220446049250313e-16,0.0,0.0,1334.2650379599531,0.0,0.0,0.0,7267.590032320543,0.0,0.0,0.0,5050.790998425282,0.0,0.0,1903.5127485850603,63746.08040822387,0.0,6374.608040820668
137.0,2.0,0.06060606060606061,18993669.0,231689.1101565066,0.0,0.0,2444.7845918804883,0.0,0.0,0.0,8546.309164525113,-4.440892098500626e-16,0.0,0.0,6557.827677812334,-8.881784197001252e-16,0.0,0.0,13798.616923415915,-4.440892098500626e-16,0.0,0.0,8471.881613176243,8.881784197001252e-16,0.0,0.0,5491.036972417154,-2.220446049250313e-16,0.0,0.0,4782.977396290842,-2.220446049250313e-16,0.0,0.0,1334.2650379599531,0.0,0.0,0.0,7267.590032320543,0.0,0.0,0.0,5050.790998425282,0.0,0.0,1903.5127485850603,63746.08040822387,0.0,6374.608040820668
138.0,3.0,0.09090909090909091,18993672.0,231689.2010655975,0.0,0.0,2444.7845918804883,0.0,0.0,0.0,8546.309164525113,-4.440892098500626e-16,0.0,0.0,6557.827677812334,-8.881784197001252e-16,0.0,0.0,13798.616923415915,-4.440892098500626e-16,0.0,0.0,8471.881613176243,8.881784197001252e-16,0.0,0.0,5491.036972417154,-2.220446049250313e-16,0.0,0.0,4782.977396290842,-2.220446049250313e-16,0.0,0.0,1334.2650379599531,0.0,0.0,0.0,7267.590032320543,0.0,0.0,0.0,5050.790998425282,0.0,0.0,1903.5127485850603,63746.08040822387,0.0,6374.608040820668
139.0,4.0,0.125,18993676.0,231689.3260655975,0.0,0.0,2444.7845918804883,0.0,0.0,0.0,8546.309164525113,-4.440892098500626e-16,0.0,0.0,6557.827677812334,-8.881784197001252e-16,0.0,0.0,13798.616923415915,-4.440892098500626e-16,0.0,0.0,8471.881613176243,8.881784197001252e-16,0.0,0.0,5491.036972417154,-2.220446049250313e-16,0.0,0.0,4782.977396290842,-2.220446049250313e-16,0.0,0.0,1334.2650379599531,0.0,0.0,0.0,7267.590032320543,0.0,0.0,0.0,5050.790998425282,0.0,0.0,1903.5127485850603,63746.08040822387,0.0,6374.608040820668
140.0,5.0,0.15625,18993681.0,231689.4823155975,0.0,0.0,2444.7845918804883,0.0,0.0,0.0,8546.309164525113,-4.440892098500626e-16,0.0,0.0,6557.827677812334,-8.881784197001252e-16,0.0,0.0,13798.616923415915,-4.440892098500626e-16,0.0,0.0,8471.881613176243,8.881784197001252e-16,0.0,0.0,5491.036972417154,-2.220446049250313e-16,0.0,0.0,4782.977396290842,-2.220446049250313e-16,0.0,0.0,1334.2650379599531,0.0,0.0,0.0,7267.590032320543,0.0,0.0,0.0,5050.790998425282,0.0,0.0,1903.5127485850603,63746.08040822387,0.0,6374.608040820668
141.0,6.0,0.1875,18993687.0,231689.6698155975,0.0,0.0,2444.7845918804883,0.0,0.0,0.0,8546.309164525113,-4.440892098500626e-16,0.0,0.0,6557.827677812334,-8.881784197001252e-16,0.0,0.0,13798.616923415915,-4.440892098500626e-16,0.0,0.0,8471.881613176243,8.881784197001252e-16,0.0,0.0,5491.036972417154,-2.220446049250313e-16,0.0,0.0,4782.977396290842,-2.220446049250313e-16,0.0,0.0,1334.2650379599531,0.0,0.0,0.0,7267.590032320543,0.0,0.0,0.0,5050.790998425282,0.0,0.0,1903.5127485850603,63746.08040822387,0.0,6374.608040820668
142.0,0.0,0.0,18993687.0,231689.6698155975,0.0,0.0,2444.7845918804883,0.0,0.0,0.0,8546.309164525113,-4.440892098500626e-16,0.0,0.0,6557.827677812334,-8.881784197001252e-16,0.0,0.0,13798.616923415915,-4.440892098500626e-16,0.0,1.6803075256402797,8473.561920701884,1.6803075256402806,0.0,0.0,5491.036972417154,-2.220446049250313e-16,0.0,0.0,4782.977396290842,-2.220446049250313e-16,0.0,0.0,1334.2650379599531,0.0,0.0,0.0,7267.590032320543,0.0,0.0,0.0,5050.790998425282,0.0,0.0,1903.5127485850603,63747.76071574951,0.16803075256402797,6374.776071573232
143.0,0.0,0.0,18993687.0,231689.6698155975,0.0,0.0,2444.7845918804883,0.0,0.0,0.0,8546.309164525113,-4.440892098500626e-16,0.0,0.0,6557.827677812334,-8.881784197001252e-16,0.0,0.0,13798.616923415915,-4.440892098500626e-16,0.0,0.0,8473.561920701884,8.881784197001252e-16,0.0,0.0,5491.036972417154,-2.220446049250313e-16,0.0,0.0,4782.977396290842,-2.220446049250313e-16,0.0,0.0,1334.2650379599531,0.0,0.0,0.0,7267.590032320543,0.0,0.0,0.0,5050.790998425282,0.0,0.0,1903.5127485850603,63747.76071574951,0.0,6374.776071573232
144.0,0.0,0.0,18993687.0,231689.6698155975,0.0,0.0,2444.7845918804883,0.0,0.0,0.0,8546.309164525113,-4.440892098500626e-16,0.0,0.0,6557.827677812334,-8.881784197001252e-16,0.0,0.0,13798.616923415915,-4.440892098500626e-16,0.0,0.0,8473.561920701884,8.881784197001252e-16,0.0,0.0,5491.036972417154,-2.220446049250313e-16,0.0,2.0,4784.977396290842,1.9999999999999998,0.0,0.0,1334.2650379599531,0.0,0.0,2.0,7269.590032320543,2.0,0.0,0.0,5050.790998425282,0.0,0.0,1903.5127485850603,63751.76071574951,0.4,6375.176071573232
145.0,0.0,0.0,18993687.0,231689.6698155975,0.0,0.0,2444.7845918804883,0.0,0.0,0.0,8546.309164525113,-4.440892098500626e-16,0.0,2.0,6559.827677812334,1.9999999999999991,0.0,0.0,13798.616923415915,-4.440892098500626e-16,0.0,0.0,8473.561920701884,8.881784197001252e-16,0.0,0.0,5491.036972417154,-2.220446049250313e-16,0.0,0.0,4784.977396290842,-2.220446049250313e-16,0.0,0.0,1334.2650379599531,0.0,0.0,0.0,7269.590032320543,0.0,0.0,0.0,5050.790998425282,0.0,0.0,1903.5127485850603,63753.76071574951,0.2,6375.3760715732315
146.0,0.0,0.0,18993687.0,231689.6698155975,0.0,0.0,2444.7845918804883,0.0,0.0,0.0,8546.309164525113,-4.440892098500626e-16,0.0,0.0,6559.827677812334,-8.881784197001252e-16,0.0,0.0,13798.616923415915,-4.440892098500626e-16,0.0,0.0,8473.561920701884,8.881784197001252e-16,0.0,0.0,5491.036972417154,-2.220446049250313e-16,0.0,0.0,4784.977396290842,-2.220446049250313e-16,0.0,0.0,1334.2650379599531,0.0,0.0,0.0,7269.590032320543,0.0,0.0,0.0,5050.790998425282,0.0,0.0,1903.5127485850603,63753.76071574951,0.0,6375.3760715732315
147.0,1.0,0.03225806451612903,18993688.0,231689.70207366202,0.0,0.0,2444.7845918804883,0.0,0.0,0.0,8546.309164525113,-4.440892098500626e-16,0.0,0.0,6559.827677812334,-8.881784197001252e-16,0.0,0.0,13798.616923415915,-4.440892098500626e-16,0.0,0.0,8473.561920701884,8.881784197001252e-16,0.0,0.0,5491.036972417154,-2.220446049250313e-16,0.0,0.0,4784.977396290842,-2.220446049250313e-16,0.0,0.0,1334.2650379599531,0.0,0.0,0.0,7269.590032320543,0.0,0.0,2.0,5052.790998425282,2.0,0.0,1903.5127485850603,63755.76071574951,0.2,6375.576071573231
148.0,2.0,0.06451612903225806,18993690.0,231689.76658979105,0.0,0.0,2444.7845918804883,0.0,0.0,0.0,8546.309164525113,-4.440892098500626e-16,0.0,0.0,6559.827677812334,-8.881784197001252e-16,0.0,2.0,13800.616923415915,1.9999999999999996,0.0,0.0,8473.561920701884,8.881784197001252e-16,0.0,0.0,5491.036972417154,-2.220446049250313e-16,0.0,0.0,4784.977396290842,-2.220446049250313e-16,0.0,0.0,1334.2650379599531,0.0,0.0,0.0,7269.590032320543,0.0,0.0,0.0,5052.790998425282,0.0,0.0,1903.5127485850603,63757.76071574951,0.2,6375.776071573231
149.0,3.0,0.0967741935483871,18993693.0,231689.8633639846,0.0,0.0,2444.7845918804883,0.0,0.0,0.0,8546.309164525113,-4.440892098500626e-16,0.0,0.0,6559.827677812334,-8.881784197001252e-16,0.0,0.0,13800.616923415915,-4.440892098500626e-16,0.0,0.0,8473.561920701884,8.881784197001252e-16,0.0,0.0,5491.036972417154,-2.220446049250313e-16,0.0,0.0,4784.977396290842,-2.220446049250313e-16,0.0,0.0,1334.2650379599531,0.0,0.0,0.0,7269.590032320543,0.0,0.0,0.0,5052.790998425282,0.0,0.0,1903.5127485850603,63757.76071574951,0.0,6375.776071573231
150.0,4.0,0.12903225806451613,18993697.0,231689.99239624265,0.0,0.0,2444.7845918804883,0.0,0.0,0.0,8546.309164525113,-4.440892098500626e-16,0.0,0.0,6559.827677812334,-8.881784197001252e-16,0.0,0.0,13800.616923415915,-4.440892098500626e-16,0.0,0.0,8473.561920701884,8.881784197001252e-16,0.0,0.0,5491.036972417154,-2.220446049250313e-16,0.0,0.0,4784.977396290842,-2.220446049250313e-16,0.0,0.0,1334.2650379599531,0.0,0.0,0.0,7269.590032320543,0.0,0.0,0.0,5052.790998425282,0.0,0.0,1903.5127485850603,63757.76071574951,0.0,6375.776071573231
151.0,5.0,0.13157894736842105,18993702.0,231690.12397519,0.0,0.0,2444.7845918804883,0.0,0.0,0.0,8546.309164525113,-4.440892098500626e-16,0.0,0.0,6559.827677812334,-8.881784197001252e-16,0.0,0.0,13800.616923415915,-4.440892098500626e-16,0.0,2.0,8475.561920701884,2.000000000000001,0.0,0.0,5491.036972417154,-2.220446049250313e-16,0.0,0.0,4784.977396290842,-2.220446049250313e-16,0.0,0.0,1334.2650379599531,0.0,0.0,0.0,7269.590032320543,0.0,0.0,0.0,5052.790998425282,0.0,0.0,1903.5127485850603,63759.76071574951,0.2,6375.976071573231
152.0,6.0,0.15789473684210525,18993708.0,231690.28186992687,0.0,0.0,2444.7845918804883,0.0,0.0,2.0,8548.309164525113,1.9999999999999996,0.0,0.0,6559.827677812334,-8.881784197001252e-16,0.0,0.0,13800.616923415915,-4.440892098500626e-16,0.0,0.0,8475.561920701884,8.881784197001252e-16,0.0,2.0,5493.036972417154,1.9999999999999998,0.0,0.0,4784.977396290842,-2.220446049250313e-16,0.0,0.0,1334.2650379599531,0.0,0.0,0.0,7269.590032320543,0.0,0.0,0.0,5052.790998425282,0.0,0.0,1903.5127485850603,63763.76071574951,0.4,6376.376071573231
153.0,7.0,0.18421052631578946,18993715.0,231690.4660804532,0.0,0.0,2444.7845918804883,0.0,0.0,0.0,8548.309164525113,-4.440892098500626e-16,0.0,0.0,6559.827677812334,-8.881784197001252e-16,0.0,2.0,13802.616923415915,1.9999999999999996,0.0,0.0,8475.561920701884,8.881784197001252e-16,0.0,0.0,5493.036972417154,-2.220446049250313e-16,0.0,0.0,4784.977396290842,-2.220446049250313e-16,0.0,0.0,1334.2650379599531,0.0,0.0,0.0,7269.590032320543,0.0,0.0,0.0,5052.790998425282,0.0,0.0,1903.5127485850603,63765.76071574951,0.2,6376.57607157323
154.0,8.0,0.21621621621621623,18993723.0,231690.6822966694,0.0,0.0,2444.7845918804883,0.0,0.0,0.0,8548.309164525113,-4.440892098500626e-16,0.0,0.0,6559.827677812334,-8.881784197001252e-16,0.0,0.0,13802.616923415915,-4.440892098500626e-16,0.0,0.0,8475.561920701884,8.881784197001252e-16,0.0,0.0,5493.036972417154,-2.220446049250313e-16,0.0,0.0,4784.977396290842,-2.220446049250313e-16,0.0,0.0,1334.2650379599531,0.0,0.0,2.0,7271.590032320543,2.0,0.0,0.0,5052.790998425282,0.0,0.0,1903.5127485850603,63767.76071574951,0.2,6376.77607157323
155.0,9.0,0.24324324324324326,18993732.0,231690.92553991266,0.0,0.0,2444.7845918804883,0.0,0.0,0.0,8548.309164525113,-4.440892098500626e-16,0.0,2.0,6561.827677812334,1.9999999999999991,0.0,0.0,13802.616923415915,-4.440892098500626e-16,0.0,0.0,8475.561920701884,8.881784197001252e-16,0.0,0.0,5493.036972417154,-2.220446049250313e-16,0.0,2.0,4786.977396290842,1.9999999999999998,0.0,0.0,1334.2650379599531,0.0,0.0,0.0,7271.590032320543,0.0,0.0,0.0,5052.790998425282,0.0,0.0,1903.5127485850603,63771.76071574951,0.4,6377.17607157323
156.0,10.0,0.2702702702702703,18993742.0,231691.19581018292,0.0,0.0,2444.7845918804883,0.0,0.0,0.0,8548.309164525113,-4.440892098500626e-16,0.0,0.0,6561.827677812334,-8.881784197001252e-16,0.0,0.0,13802.616923415915,-4.440892098500626e-16,0.0,0.0,8475.561920701884,8.881784197001252e-16,0.0,0.0,5493.036972417154,-2.220446049250313e-16,0.0,0.0,4786.977396290842,-2.220446049250313e-16,0.0,0.0,1334.2650379599531,0.0,0.0,0.0,7271.590032320543,0.0,0.0,2.0,5054.790998425282,2.0,0.0,1903.5127485850603,63773.76071574951,0.2,6377.37607157323
157.0,11.0,0.2972972972972973,18993753.0,231691.49310748023,0.0,0.0,2444.7845918804883,0.0,0.0,0.0,8548.309164525113,-4.440892098500626e-16,0.0,0.0,6561.827677812334,-8.881784197001252e-16,0.0,0.0,13802.616923415915,-4.440892098500626e-16,0.0,0.0,8475.561920701884,8.881784197001252e-16,0.0,0.0,5493.036972417154,-2.220446049250313e-16,0.0,0.0,4786.977396290842,-2.220446049250313e-16,0.0,0.0,1334.2650379599531,0.0,0.0,0.0,7271.590032320543,0.0,0.0,0.0,5054.790998425282,0.0,0.0,1903.5127485850603,63773.76071574951,0.0,6377.37607157323
158.0,12.0,0.32432432432432434,18993765.0,231691.81743180455,0.0,0.0,2444.7845918804883,0.0,0.0,2.0,8550.309164525113,1.9999999999999996,0.0,0.0,6561.827677812334,-8.881784197001252e-16,0.0,1.1200230039380281,13803.736946419853,1.1200230039380277,0.0,0.0,8475.561920701884,8.881784197001252e-16,0.0,0.0,5493.036972417154,-2.220446049250313e-16,0.0,0.0,4786.977396290842,-2.220446049250313e-16,0.0,0.0,1334.2650379599531,0.0,0.0,0.0,7271.590032320543,0.0,0.0,0.0,5054.790998425282,0.0,0.0,1903.5127485850603,63776.88073875345,0.31200230039380283,6377.688073873624
159.0,13.0,0.35135135135135137,18993778.0,231692.1687831559,0.0,0.0,2444.7845918804883,0.0,0.0,0.0,8550.309164525113,-4.440892098500626e-16,0.0,0.0,6561.827677812334,-8.881784197001252e-16,0.0,1.922418215994972,13805.659364635847,1.9224182159949716,0.0,0.0,8475.561920701884,8.881784197001252e-16,0.0,0.0,5493.036972417154,-2.220446049250313e-16,0.0,0.0,4786.977396290842,-2.220446049250313e-16,0.0,0.0,1334.2650379599531,0.0,0.0,0.0,7271.590032320543,0.0,0.0,0.0,5054.790998425282,0.0,0.0,1903.5127485850603,63778.80315696944,0.1922418215994972,6377.880315695223
160.0,14.0,0.3783783783783784,18993792.0,231692.54716153428,0.0,0.0,2444.7845918804883,0.0,0.0,0.0,8550.309164525113,-4.440892098500626e-16,0.0,0.0,6561.827677812334,-8.881784197001252e-16,0.0,0.0,13805.659364635847,-4.440892098500626e-16,0.0,2.0,8477.561920701884,2.000000000000001,0.0,0.0,5493.036972417154,-2.220446049250313e-16,0.0,0.0,4786.977396290842,-2.220446049250313e-16,0.0,0.0,1334.2650379599531,0.0,0.0,0.0,7271.590032320543,0.0,0.0,0.0,5054.790998425282,0.0,0.0,1903.5127485850603,63780.80315696944,0.2,6378.080315695222
161.0,0.0,0.0,18993792.0,231692.54716153428,0.0,0.0,2444.7845918804883,0.0,0.0,0.0,8550.309164525113,-4.440892098500626e-16,0.0,0.0,6561.827677812334,-8.881784197001252e-16,0.0,0.0,13805.659364635847,-4.440892098500626e-16,0.0,2.0,8479.561920701884,2.000000000000001,0.0,0.0,5493.036972417154,-2.220446049250313e-16,0.0,0.0,4786.977396290842,-2.220446049250313e-16,0.0,0.0,1334.2650379599531,0.0,0.0,0.0,7271.590032320543,0.0,0.0,0.0,5054.790998425282,0.0,0.0,1903.5127485850603,63782.80315696944,0.2,6378.280315695222
162.0,0.0,0.0,18993792.0,231692.54716153428,0.0,0.0,2444.7845918804883,0.0,0.0,0.0,8550.309164525113,-4.440892098500626e-16,0.0,0.0,6561.827677812334,-8.881784197001252e-16,0.0,0.0,13805.659364635847,-4.440892098500626e-16,0.0,0.0,8479.561920701884,8.881784197001252e-16,0.0,0.0,5493.036972417154,-2.220446049250313e-16,0.0,0.0,4786.977396290842,-2.220446049250313e-16,0.0,0.0,1334.2650379599531,0.0,0.0,0.0,7271.590032320543,0.0,0.0,0.0,5054.790998425282,0.0,0.0,1903.5127485850603,63782.80315696944,0.0,6378.280315695222
163.0,0.0,0.0,18993792.0,231692.54716153428,0.0,0.0,2444.7845918804883,0.0,0.0,0.0,8550.309164525113,-4.440892098500626e-16,0.0,0.0,6561.827677812334,-8.881784197001252e-16,0.0,0.0,13805.659364635847,-4.440892098500626e-16,0.0,0.0,8479.561920701884,8.881784197001252e-16,0.0,0.0,5493.036972417154,-2.220446049250313e-16,0.0,0.0,4786.977396290842,-2.220446049250313e-16,0.0,0.0,1334.2650379599531,0.0,0.0,0.0,7271.590032320543,0.0,0.0,0.0,5054.790998425282,0.0,0.0,1903.5127485850603,63782.80315696944,0.0,6378.280315695222
164.0,0.0,0.0,18993792.0,231692.54716153428,0.0,0.0,2444.7845918804883,0.0,0.0,0.0,8550.309164525113,-4.440892098500626e-16,0.0,0.0,6561.827677812334,-8.881784197001252e-16,0.0,0.0,13805.659364635847,-4.440892098500626e-16,0.0,0.0,8479.561920701884,8.881784197001252e-16,0.0,0.0,5493.036972417154,-2.220446049250313e-16,0.0,0.0,4786.977396290842,-2.220446049250313e-16,0.0,0.0,1334.2650379599531,0.0,0.0,0.0,7271.590032320543,0.0,0.0,0.0,5054.790998425282,0.0,0.0,1903.5127485850603,63782.80315696944,0.0,6378.280315695222
165.0,1.0,0.027777777777777776,18993793.0,231692.57493931206,0.0,0.0,2444.7845918804883,0.0,0.0,0.0,8550.309164525113,-4.440892098500626e-16,0.0002777777777777778,0.0,6561.827677812334,-8.881784197001252e-16,0.0,0.0,13805.659364635847,-4.440892098500626e-16,0.0,0.0,8479.561920701884,8.881784197001252e-16,0.0,0.0,5493.036972417154,-2.220446049250313e-16,0.0,0.0,4786.977396290842,-2.220446049250313e-16,0.0,0.0,1334.2650379599531,0.0,0.0,0.0,7271.590032320543,0.0,0.0,0.0,5054.790998425282,0.0,0.0002777777777777778,1903.5127485850603,63782.80315696944,0.0,6378.280315695222
166.0,0.0,0.0,18993793.0,231692.57493931206,0.0,0.0,2444.7845918804883,0.0,0.0,0.0,8550.309164525113,-4.440892098500626e-16,0.0,0.0,6561.827677812334,-8.881784197001252e-16,0.0,0.0,13805.659364635847,-4.440892098500626e-16,0.0,0.0,8479.561920701884,8.881784197001252e-16,0.0,0.0,5493.036972417154,-2.220446049250313e-16,0.0,0.0,4786.977396290842,-2.220446049250313e-16,0.0,0.0,1334.2650379599531,0.0,0.0,2.0,7273.590032320543,2.0,0.0,0.0,5054.790998425282,0.0,0.0,1903.5127485850603,63784.80315696944,0.2,6378.480315695222
167.0,0.0,0.0,18993793.0,231692.57493931206,0.0,0.0,2444.7845918804883,0.0,0.0,0.0,8550.309164525113,-4.440892098500626e-16,0.0,0.0,6561.827677812334,-8.881784197001252e-16,0.0,0.0,13805.659364635847,-4.440892098500626e-16,0.0,0.0,8479.561920701884,8.881784197001252e-16,0.0,0.0,5493.036972417154,-2.220446049250313e-16,0.0,0.0,4786.977396290842,-2.220446049250313e-16,0.0,0.0,1334.2650379599531,0.0,0.0,0.0,7273.590032320543,0.0,0.0,0.0,5054.790998425282,0.0,0.0,1903.5127485850603,63784.80315696944,0.0,6378.480315695222
168.0,0.0,0.0,18993793.0,231692.57493931206,0.0,0.0,2444.7845918804883,0.0,0.0,0.0,8550.309164525113,-4.440892098500626e-16,0.0,0.0,6561.827677812334,-8.881784197001252e-16,0.0,0.0,13805.659364635847,-4.440892098500626e-16,0.0,0.0,8479.561920701884,8.881784197001252e-16,0.0,0.0,5493.036972417154,-2.220446049250313e-16,0.0,0.0,4786.977396290842,-2.220446049250313e-16,0.0,0.0,1334.2650379599531,0.0,0.0,0.0,7273.590032320543,0.0,0.0,0.0,5054.790998425282,0.0,0.0,1903.5127485850603,63784.80315696944,0.0,6378.480315695222
169.0,0.0,0.0,18993793.0,231692.57493931206,0.0,0.0,2444.7845918804883,0.0,0.0,0.0,8550.309164525113,-4.440892098500626e-16,0.0,0.0,6561.827677812334,-8.881784197001252e-16,0.0,0.0,13805.659364635847,-4.440892098500626e-16,0.0,0.0,8479.561920701884,8.881784197001252e-16,0.0,0.0,5493.036972417154,-2.220446049250313e-16,0.0,0.0,4786.977396290842,-2.220446049250313e-16,0.0,0.0,1334.2650379599531,0.0,0.0,0.0,7273.590032320543,0.0,0.0,0.0,5054.790998425282,0.0,0.0,1903.5127485850603,63784.80315696944,0.0,6378.480315695222
170.0,0.0,0.0,18993793.0,231692.57493931206,0.0,0.0,2444.7845918804883,0.0,0.0,0.0,8550.309164525113,-4.440892098500626e-16,0.0,0.0,6561.827677812334,-8.881784197001252e-16,0.0,0.0,13805.659364635847,-4.440892098500626e-16,0.0,0.0,8479.561920701884,8.881784197001252e-16,0.0,0.0,5493.036972417154,-2.220446049250313e-16,0.0,0.0,4786.977396290842,-2.220446049250313e-16,0.0,0.0,1334.2650379599531,0.0,0.0,0.0,7273.590032320543,0.0,0.0,0.0,5054.790998425282,0.0,0.0,1903.5127485850603,63784.80315696944,0.0,6378.480315695222
171.0,0.0,0.0,18993793.0,231692.57493931206,0.0,0.0,2444.7845918804883,0.0,0.0,0.0,8550.309164525113,-4.440892098500626e-16,0.0,0.0,6561.827677812334,-8.881784197001252e-16,0.0,0.0,13805.659364635847,-4.440892098500626e-16,0.0,0.0,8479.561920701884,8.881784197001252e-16,0.0,0.0,5493.036972417154,-2.220446049250313e-16,0.0,0.14222301334459655,4787.119619304187,0.14222301334459633,0.0,0.0,1334.2650379599531,0.0,0.0,0.0,7273.590032320543,0.0,0.0,0.0,5054.790998425282,0.0,0.0,1903.5127485850603,63784.94537998278,0.014222301334459656,6378.494537996557
172.0,0.0,0.0,18993793.0,231692.57493931206,0.0,0.0,2444.7845918804883,0.0,0.0,0.0,8550.309164525113,-4.440892098500626e-16,0.0,0.0,6561.827677812334,-8.881784197001252e-16,0.0,0.0,13805.659364635847,-4.440892098500626e-16,0.0,0.0,8479.561920701884,8.881784197001252e-16,0.0,0.0,5493.036972417154,-2.220446049250313e-16,0.0,0.0,4787.119619304187,-2.220446049250313e-16,0.0,0.0,1334.2650379599531,0.0,0.0,0.0,7273.590032320543,0.0,0.0,0.0,5054.790998425282,0.0,0.0,1903.5127485850603,63784.94537998278,0.0,6378.494537996557
173.0,0.0,0.0,18993793.0,231692.57493931206,0.0,0.0,2444.7845918804883,0.0,0.0,0.0,8550.309164525113,-4.440892098500626e-16,0.0,0.0,6561.827677812334,-8.881784197001252e-16,0.0,1.05,13806.709364635846,1.0499999999999996,0.0,0.0,8479.561920701884,8.881784197001252e-16,0.0,0.0,5493.036972417154,-2.220446049250313e-16,0.0,0.0,4787.119619304187,-2.220446049250313e-16,0.0,0.0,1334.2650379599531,0.0,0.0,0.0,7273.590032320543,0.0,0.0,0.0,5054.790998425282,0.0,0.0,1903.5127485850603,63785.995379982785,0.10500000000000001,6378.599537996556
174.0,0.0,0.0,18993793.0,231692.57493931206,0.0,0.0,2444.7845918804883,0.0,0.0,0.0,8550.309164525113,-4.440892098500626e-16,0.0,0.0,6561.827677812334,-8.881784197001252e-16,0.0,0.0,13806.709364635846,-4.440892098500626e-16,0.0,0.0,8479.561920701884,8.881784197001252e-16,0.0,0.0,5493.036972417154,-2.220446049250313e-16,0.0,0.0,4787.119619304187,-2.220446049250313e-16,0.0,0.0,1334.2650379599531,0.0,0.0,0.0,7273.590032320543,0.0,0.0,0.0,5054.790998425282,0.0,0.0,1903.5127485850603,63785.995379982785,0.0,6378.599537996556
175.0,0.0,0.0,18993793.0,231692.57493931206,0.0,0.0,2444.7845918804883,0.0,0.0,0.0,8550.309164525113,-4.440892098500626e-16,0.0,0.0,6561.827677812334,-8.881784197001252e-16,0.0,0.0,13806.709364635846,-4.440892098500626e-16,0.0,0.0,8479.561920701884,8.881784197001252e-16,0.0,0.0,5493.036972417154,-2.220446049250313e-16,0.0,0.0,4787.119619304187,-2.220446049250313e-16,0.0,0.0,1334.2650379599531,0.0,0.0,2.0,7275.590032320543,2.0,0.0,0.0,5054.790998425282,0.0,0.0,1903.5127485850603,63787.995379982785,0.2,6378.799537996556
176.0,4.0,0.11428571428571428,18993797.0,231692.68922502635,0.0,0.0,2444.7845918804883,0.0,0.0,0.0,8550.309164525113,-4.440892098500626e-16,0.0,0.0,6561.827677812334,-8.881784197001252e-16,0.0,2.0,13808.709364635846,1.9999999999999996,0.0,0.0,8479.561920701884,8.881784197001252e-16,0.0,1.5349218365925437,5494.571894253747,1.5349218365925434,0.0,0.0,4787.119619304187,-2.220446049250313e-16,0.0,0.0,1334.2650379599531,0.0,0.0,0.0,7275.590032320543,0.0,0.0,0.0,5054.790998425282,0.0,0.0,1903.5127485850603,63791.53030181937,0.35349218365925433,6379.153030180215
177.0,9.0,0.2571428571428571,18993806.0,231692.9463678835,0.0,0.0,2444.7845918804883,0.0,0.0,0.0,8550.309164525113,-4.440892098500626e-16,0.0,0.0,6561.827677812334,-8.881784197001252e-16,0.0,0.0,13808.709364635846,-4.440892098500626e-16,0.0,0.0,8479.561920701884,8.881784197001252e-16,0.0,0.0,5494.571894253747,-2.220446049250313e-16,0.0,0.0,4787.119619304187,-2.220446049250313e-16,0.0,0.0,1334.2650379599531,0.0,0.0,0.0,7275.590032320543,0.0,0.0,2.0,5056.790998425282,2.0,0.0,1903.5127485850603,63793.53030181937,0.2,6379.353030180215
178.0,15.0,0.42857142857142855,18993821.0,231693.37493931208,0.0,0.0,2444.7845918804883,0.0,0.0,2.0,8552.309164525113,1.9999999999999996,0.0,0.0,6561.827677812334,-8.881784197001252e-16,0.0,0.0,13808.709364635846,-4.440892098500626e-16,0.0,0.0,8479.561920701884,8.881784197001252e-16,0.0,0.0,5494.571894253747,-2.220446049250313e-16,0.0,2.0,4789.119619304187,1.9999999999999998,0.0,0.0,1334.2650379599531,0.0,0.0,0.0,7275.590032320543,0.0,0.0,0.0,5056.790998425282,0.0,0.0,1903.5127485850603,63797.53030181937,0.4,6379.753030180214
179.0,22.0,0.6285714285714286,18993843.0,231694.00351074064,0.0,0.0,2444.7845918804883,0.0,0.0,0.0,8552.309164525113,-4.440892098500626e-16,0.0,0.0,6561.827677812334,-8.881784197001252e-16,0.0,0.0,13808.709364635846,-4.440892098500626e-16,0.0,0.0,8479.561920701884,8.881784197001252e-16,0.0,0.0,5494.571894253747,-2.220446049250313e-16,0.0,0.0,4789.119619304187,-2.220446049250313e-16,0.0,0.0,1334.2650379599531,0.0,0.0,0.0,7275.590032320543,0.0,0.0,0.0,5056.790998425282,0.0,0.0,1903.5127485850603,63797.53030181937,0.0,6379.753030180214
180.0,29.0,0.8285714285714286,18993872.0,231694.83208216922,0.0,0.0,2444.7845918804883,0.0,0.0,0.0,8552.309164525113,-4.440892098500626e-16,0.0,0.0,6561.827677812334,-8.881784197001252e-16,0.0,0.0,13808.709364635846,-4.440892098500626e-16,0.0,0.0,8479.561920701884,8.881784197001252e-16,0.0,0.0,5494.571894253747,-2.220446049250313e-16,0.0,0.0,4789.119619304187,-2.220446049250313e-16,0.0,0.0,1334.2650379599531,0.0,0.0,0.0,7275.590032320543,0.0,0.0,0.0,5056.790998425282,0.0,0.0,1903.5127485850603,63797.53030181937,0.0,6379.753030180214
181.0,0.0,0.0,18993872.0,231694.83208216922,0.0,0.0,2444.7845918804883,0.0,0.0,0.0,8552.309164525113,-4.440892098500626e-16,0.0,0.0,6561.827677812334,-8.881784197001252e-16,0.0,0.0,13808.709364635846,-4.440892098500626e-16,0.0,0.0,8479.561920701884,8.881784197001252e-16,0.0,0.0,5494.571894253747,-2.220446049250313e-16,0.0,0.0,4789.119619304187,-2.220446049250313e-16,0.0,0.0,1334.2650379599531,0.0,0.0,0.0,7275.590032320543,0.0,0.0,0.0,5056.790998425282,0.0,0.0,1903.5127485850603,63797.53030181937,0.0,6379.753030180214
182.0,0.0,0.0,18993872.0,231694.83208216922,0.0,0.0,2444.7845918804883,0.0,0.0,2.0,8554.309164525113,1.9999999999999996,0.0,2.0,6563.827677812334,1.9999999999999991,0.0,0.0,13808.709364635846,-4.440892098500626e-16,0.0,0.0,8479.561920701884,8.881784197001252e-16,0.0,2.0,5496.571894253747,1.9999999999999998,0.0,0.0,4789.119619304187,-2.220446049250313e-16,0.0,0.0,1334.2650379599531,0.0,0.0,0.0,7275.590032320543,0.0,0.0,0.0,5056.790998425282,0.0,0.0,1903.5127485850603,63803.53030181937,0.6,6380.353030180215
183.0,0.0,0.0,18993872.0,231694.83208216922,0.0,0.0,2444.7845918804883,0.0,0.0,0.0,8554.309164525113,-4.440892098500626e-16,0.0,0.0,6563.827677812334,-8.881784197001252e-16,0.0,0.0,13808.709364635846,-4.440892098500626e-16,0.0,0.0,8479.561920701884,8.881784197001252e-16,0.0,0.0,5496.571894253747,-2.220446049250313e-16,0.0,0.0,4789.119619304187,-2.220446049250313e-16,0.0,0.0,1334.2650379599531,0.0,0.0,0.0,7275.590032320543,0.0,0.0,0.0,5056.790998425282,0.0,0.0,1903.5127485850603,63803.53030181937,0.0,6380.353030180215
184.0,0.0,0.0,18993872.0,231694.83208216922,0.0,0.0,2444.7845918804883,0.0,0.0,0.0,8554.309164525113,-4.440892098500626e-16,0.0,0.0,6563.827677812334,-8.881784197001252e-16,0.0,0.0,13808.709364635846,-4.440892098500626e-16,0.0,0.0,8479.561920701884,8.881784197001252e-16,0.0,0.0,5496.571894253747,-2.220446049250313e-16,0.0,0.0,4789.119619304187,-2.220446049250313e-16,0.0,0.0,1334.2650379599531,0.0,0.0,0.0,7275.590032320543,0.0,0.0,0.0,5056.790998425282,0.0,0.0,1903.5127485850603,63803.53030181937,0.0,6380.353030180215
185.0,0.0,0.0,18993872.0,231694.83208216922,0.0,0.0,2444.7845918804883,0.0,0.0,0.0,8554.309164525113,-4.440892098500626e-16,0.0,2.0,6565.827677812334,1.9999999999999991,0.0,0.0,13808.709364635846,-4.440892098500626e-16,0.0,2.0,8481.561920701884,2.000000000000001,0.0,0.0,5496.571894253747,-2.220446049250313e-16,0.0,0.0,4789.119619304187,-2.220446049250313e-16,0.0,0.0,1334.2650379599531,0.0,0.0,0.0,7275.590032320543,0.0,0.0,0.0,5056.790998425282,0.0,0.0,1903.5127485850603,63807.53030181937,0.4,6380.753030180214
186.0,0.0,0.0,18993872.0,231694.83208216922,0.0,0.0,2444.7845918804883,0.0,0.0,1.2857505928527655,8555.594915117967,1.285750592852765,0.0,0.0,6565.827677812334,-8.881784197001252e-16,0.0,0.0,13808.709364635846,-4.440892098500626e-16,0.0,0.0,8481.561920701884,8.881784197001252e-16,0.0,0.0,5496.571894253747,-2.220446049250313e-16,0.0,0.0,4789.119619304187,-2.220446049250313e-16,0.0,0.0,1334.2650379599531,0.0,0.0,2.0,7277.590032320543,2.0,0.0,0.0,5056.790998425282,0.0,0.0,1903.5127485850603,63810.81605241223,0.3285750592852765,6381.081605239499
187.0,0.0,0.0,18993872.0,231694.83208216922,0.0,0.0,2444.7845918804883,0.0,0.0,0.0,8555.594915117967,-4.440892098500626e-16,0.0,0.0,6565.827677812334,-8.881784197001252e-16,0.0,0.0,13808.709364635846,-4.440892098500626e-16,0.0,0.0,8481.561920701884,8.881784197001252e-16,0.0,0.0,5496.571894253747,-2.220446049250313e-16,0.0,0.0,4789.119619304187,-2.220446049250313e-16,0.0,0.0,1334.2650379599531,0.0,0.0,0.0,7277.590032320543,0.0,0.0,0.0,5056.790998425282,0.0,0.0,1903.5127485850603,63810.81605241223,0.0,6381.081605239499
188.0,0.0,0.0,18993872.0,231694.83208216922,0.0,0.0,2444.7845918804883,0.0,0.0,0.0,8555.594915117967,-4.440892098500626e-16,0.0,0.0,6565.827677812334,-8.881784197001252e-16,0.0,2.0,13810.709364635846,1.9999999999999996,0.0,0.0,8481.561920701884,8.881784197001252e-16,0.0,0.0,5496.571894253747,-2.220446049250313e-16,0.0,0.0,4789.119619304187,-2.220446049250313e-16,0.0,0.0,1334.2650379599531,0.0,0.0,0.0,7277.590032320543,0.0,0.0,2.0,5058.790998425282,2.0,0.0,1903.5127485850603,63814.81605241223,0.4,6381.481605239499
189.0,0.0,0.0,18993872.0,231694.83208216922,0.0,0.0,2444.7845918804883,0.0,0.0,0.0,8555.594915117967,-4.440892098500626e-16,0.0,0.0,6565.827677812334,-8.881784197001252e-16,0.0,1.7049736121609014,13812.414338248007,1.704973612160901,0.0,0.0,8481.561920701884,8.881784197001252e-16,0.0,0.0,5496.571894253747,-2.220446049250313e-16,0.0,0.0,4789.119619304187,-2.220446049250313e-16,0.0,0.0,1334.2650379599531,0.0,0.0,0.0,7277.590032320543,0.0,0.0,0.0,5058.790998425282,0.0,0.0,1903.5127485850603,63816.5210260244,0.17049736121609013,6381.652102600715
190.0,0.0,0.0,18993872.0,231694.83208216922,0.0,0.0,2444.7845918804883,0.0,0.0,0.0,8555.594915117967,-4.440892098500626e-16,0.0,0.0,6565.827677812334,-8.881784197001252e-16,0.0,0.0,13812.414338248007,-4.440892098500626e-16,0.0,1.05,8482.611920701884,1.050000000000001,0.0,0.0,5496.571894253747,-2.220446049250313e-16,0.0,0.0,4789.119619304187,-2.220446049250313e-16,0.0,0.0,1334.2650379599531,0.0,0.0,0.0,7277.590032320543,0.0,0.0,0.0,5058.790998425282,0.0,0.0,1903.5127485850603,63817.57102602439,0.10500000000000001,6381.7571026007145
191.0,0.0,0.0,18993872.0,231694.83208216922,0.0,0.0,2444.7845918804883,0.0,0.0,0.0,8555.594915117967,-4.440892098500626e-16,0.0,0.0,6565.827677812334,-8.881784197001252e-16,0.0,0.0,13812.414338248007,-4.440892098500626e-16,0.0,0.0,8482.611920701884,8.881784197001252e-16,0.0,0.0,5496.571894253747,-2.220446049250313e-16,0.0,0.0,4789.119619304187,-2.220446049250313e-16,0.0,0.0,1334.2650379599531,0.0,0.0,0.0,7277.590032320543,0.0,0.0,0.0,5058.790998425282,0.0,0.0,1903.5127485850603,63817.57102602439,0.0,6381.7571026007145
192.0,0.0,0.0,18993872.0,231694.83208216922,0.0,0.0,2444.7845918804883,0.0,0.0,0.0,8555.594915117967,-4.440892098500626e-16,0.0,0.0,6565.827677812334,-8.881784197001252e-16,0.0,0.0,13812.414338248007,-4.440892098500626e-16,0.0,0.0,8482.611920701884,8.881784197001252e-16,0.0,0.0,5496.571894253747,-2.220446049250313e-16,0.0,0.0,4789.119619304187,-2.220446049250313e-16,0.0,0.0,1334.2650379599531,0.0,0.0,0.0,7277.590032320543,0.0,0.0,0.0,5058.790998425282,0.0,0.0,1903.5127485850603,63817.57102602439,0.0,6381.7571026007145
193.0,0.0,0.0,18993872.0,231694.83208216922,0.0,0.0,2444.7845918804883,0.0,0.0,0.0,8555.594915117967,-4.440892098500626e-16,0.0,0.0,6565.827677812334,-8.881784197001252e-16,0.0,0.0,13812.414338248007,-4.440892098500626e-16,0.0,0.0,8482.611920701884,8.881784197001252e-16,0.0,0.0,5496.571894253747,-2.220446049250313e-16,0.0,0.0,4789.119619304187,-2.220446049250313e-16,0.0,0.0,1334.2650379599531,0.0,0.0,0.0,7277.590032320543,0.0,0.0,0.0,5058.790998425282,0.0,0.0,1903.5127485850603,63817.57102602439,0.0,6381.7571026007145
194.0,0.0,0.0,18993872.0,231694.83208216922,0.0,0.0,2444.7845918804883,0.0,0.0,0.0,8555.594915117967,-4.440892098500626e-16,0.0,0.0,6565.827677812334,-8.881784197001252e-16,0.0,0.0,13812.414338248007,-4.440892098500626e-16,0.0,0.0,8482.611920701884,8.881784197001252e-16,0.0,0.0,5496.571894253747,-2.220446049250313e-16,0.0,0.0,4789.119619304187,-2.220446049250313e-16,0.0,0.0,1334.2650379599531,0.0,0.0,1.3554137891624884,7278.945446109706,1.3554137891624884,0.0,0.0,5058.790998425282,0.0,0.0,1903.5127485850603,63818.92643981355,0.13554137891624884,6381.8926439796305
195.0,0.0,0.0,18993872.0,231694.83208216922,0.0,0.0,2444.7845918804883,0.0,0.0,0.0,8555.594915117967,-4.440892098500626e-16,0.0,0.0,6565.827677812334,-8.881784197001252e-16,0.0,0.0,13812.414338248007,-4.440892098500626e-16,0.0,0.0,8482.611920701884,8.881784197001252e-16,0.0,0.0,5496.571894253747,-2.220446049250313e-16,0.0,0.0,4789.119619304187,-2.220446049250313e-16,0.0,0.0,1334.2650379599531,0.0,0.0,0.0,7278.945446109706,0.0,0.0,0.0,5058.790998425282,0.0,0.0,1903.5127485850603,63818.92643981355,0.0,6381.8926439796305
196.0,0.0,0.0,18993872.0,231694.83208216922,0.0,0.0,2444.7845918804883,0.0,0.0,0.0,8555.594915117967,-4.440892098500626e-16,0.0,0.0,6565.827677812334,-8.881784197001252e-16,0.0,2.0,13814.414338248007,1.9999999999999996,0.0,0.0,8482.611920701884,8.881784197001252e-16,0.0,0.0,5496.571894253747,-2.220446049250313e-16,0.0,0.0,4789.119619304187,-2.220446049250313e-16,0.0,0.0,1334.2650379599531,0.0,0.0,0.0,7278.945446109706,0.0,0.0,0.0,5058.790998425282,0.0,0.0,1903.5127485850603,63820.92643981355,0.2,6382.09264397963
197.0,1.0,0.02631578947368421,18993873.0,231694.85839795868,0.0,0.0,2444.7845918804883,0.0,0.0,0.0,8555.594915117967,-4.440892098500626e-16,0.0,0.0,6565.827677812334,-8.881784197001252e-16,0.0,0.0,13814.414338248007,-4.440892098500626e-16,0.0,0.0,8482.611920701884,8.881784197001252e-16,0.0,2.0,5498.571894253747,1.9999999999999998,0.0,0.0,4789.119619304187,-2.220446049250313e-16,0.0,0.0,1334.2650379599531,0.0,0.0,0.0,7278.945446109706,0.0,0.0,0.0,5058.790998425282,0.0,0.0,1903.5127485850603,63822.92643981355,0.2,6382.29264397963
198.0,0.0,0.0,18993873.0,231694.85839795868,0.0,0.0,2444.7845918804883,0.0,0.0,0.0,8555.594915117967,-4.440892098500626e-16,0.0,0.0,6565.827677812334,-8.881784197001252e-16,0.0,0.0,13814.414338248007,-4.440892098500626e-16,0.0,0.0,8482.611920701884,8.881784197001252e-16,0.0,0.0,5498.571894253747,-2.220446049250313e-16,0.0,0.0,4789.119619304187,-2.220446049250313e-16,0.0,0.0,1334.2650379599531,0.0,0.0,0.0,7278.945446109706,0.0,0.0,0.0,5058.790998425282,0.0,0.0,1903.5127485850603,63822.92643981355,0.0,6382.29264397963
199.0,0.0,0.0,18993873.0,231694.85839795868,0.0,0.0,2444.7845918804883,0.0,0.0,0.0,8555.594915117967,-4.440892098500626e-16,0.0,0.0,6565.827677812334,-8.881784197001252e-16,0.0,0.0,13814.414338248007,-4.440892098500626e-16,0.0,0.0,8482.611920701884,8.881784197001252e-16,0.0,0.0,5498.571894253747,-2.220446049250313e-16,0.0,0.0,4789.119619304187,-2.220446049250313e-16,0.0,0.0,1334.2650379599531,0.0,0.0,0.0,7278.945446109706,0.0,0.0,0.0,5058.790998425282,0.0,0.0,1903.5127485850603,63822.92643981355,0.0,6382.29264397963
200.0,0.0,0.0,18993873.0,231694.85839795868,0.0,0.0,2444.7845918804883,0.0,0.0,0.0,8555.594915117967,-4.440892098500626e-16,0.0,0.0,6565.827677812334,-8.881784197001252e-16,0.0,0.0,13814.414338248007,-4.440892098500626e-16,0.0,0.0,8482.611920701884,8.881784197001252e-16,0.0,0.0,5498.571894253747,-2.220446049250313e-16,0.0,0.0,4789.119619304187,-2.220446049250313e-16,0.0,0.0,1334.2650379599531,0.0,0.0,0.0,7278.945446109706,0.0,0.0,0.0,5058.790998425282,0.0,0.0,1903.5127485850603,63822.92643981355,0.0,6382.29264397963
201.0,0.0,0.0,18993873.0,231694.85839795868,0.0,0.0,2444.7845918804883,0.0,0.0,0.0,8555.594915117967,-4.440892098500626e-16,0.0,0.0,6565.827677812334,-8.881784197001252e-16,0.0,2.0,13816.414338248007,1.9999999999999996,0.0,0.0,8482.611920701884,8.881784197001252e-16,0.0,0.0,5498.571894253747,-2.220446049250313e-16,0.0,0.0,4789.119619304187,-2.220446049250313e-16,0.0,0.0,1334.2650379599531,0.0,0.0,0.0,7278.945446109706,0.0,0.0,0.0,5058.790998425282,0.0,0.0,1903.5127485850603,63824.92643981355,0.2,6382.49264397963
202.0,0.0,0.0,18993873.0,231694.85839795868,0.0,0.0,2444.7845918804883,0.0,0.0,0.0,8555.594915117967,-4.440892098500626e-16,0.0,0.0,6565.827677812334,-8.881784197001252e-16,0.0,0.0,13816.414338248007,-4.440892098500626e-16,0.0,0.0,8482.611920701884,8.881784197001252e-16,0.0,0.0,5498.571894253747,-2.220446049250313e-16,0.0,0.0,4789.119619304187,-2.220446049250313e-16,0.0,0.0,1334.2650379599531,0.0,0.0,0.0,7278.945446109706,0.0,0.0,0.0,5058.790998425282,0.0,0.0,1903.5127485850603,63824.92643981355,0.0,6382.49264397963
203.0,1.0,0.02631578947368421,18993874.0,231694.88471374815,0.0,0.0,2444.7845918804883,0.0,0.0002777777777777778,0.0,8555.594915117967,-4.440892098500626e-16,0.0,0.0,6565.827677812334,-8.881784197001252e-16,0.0,0.0,13816.414338248007,-4.440892098500626e-16,0.0,0.0,8482.611920701884,8.881784197001252e-16,0.0,0.0,5498.571894253747,-2.220446049250313e-16,0.0,0.0,4789.119619304187,-2.220446049250313e-16,0.0,0.0,1334.2650379599531,0.0,0.0,0.0,7278.945446109706,0.0,0.0,0.0,5058.790998425282,0.0,0.0002777777777777778,1903.5127485850603,63824.92643981355,0.0,6382.49264397963
204.0,2.0,0.05555555555555555,18993876.0,231694.9402693037,0.0,0.0,2444.7845918804883,0.0,0.0005555555555555556,0.0,8555.594915117967,-4.440892098500626e-16,0.0,0.0,6565.827677812334,-8.881784197001252e-16,0.0,2.0,13818.414338248007,1.9999999999999996,0.0,0.0,8482.611920701884,8.881784197001252e-16,0.0,0.0,5498.571894253747,-2.220446049250313e-16,0.0,0.0,4789.119619304187,-2.220446049250313e-16,0.0,0.0,1334.2650379599531,0.0,0.0,2.0,7280.945446109706,2.0,0.0,0.0,5058.790998425282,0.0,0.0005555555555555556,1903.5127485850603,63828.92643981355,0.4,6382.89264397963
205.0,3.0,0.08333333333333333,18993879.0,231695.02360263705,0.0,0.0,2444.7845918804883,0.0,0.0008333333333333334,0.0,8555.594915117967,-4.440892098500626e-16,0.0,0.0,6565.827677812334,-8.881784197001252e-16,0.0,0.0,13818.414338248007,-4.440892098500626e-16,0.0,0.0,8482.611920701884,8.881784197001252e-16,0.0,0.0,5498.571894253747,-2.220446049250313e-16,0.0,0.0,4789.119619304187,-2.220446049250313e-16,0.0,0.0,1334.2650379599531,0.0,0.0,0.9963397699257925,7281.941785879631,0.9963397699257925,0.0,0.0,5058.790998425282,0.0,0.0008333333333333334,1903.5127485850603,63829.922779583474,0.09963397699257925,6382.992277956622
206.0,4.0,0.1111111111111111,18993883.0,231695.13471374818,0.0,0.0,2444.7845918804883,0.0,0.0011111111111111111,0.0,8555.594915117967,-4.440892098500626e-16,0.0,0.0,6565.827677812334,-8.881784197001252e-16,0.0,0.0,13818.414338248007,-4.440892098500626e-16,0.0,0.0,8482.611920701884,8.881784197001252e-16,0.0,0.0,5498.571894253747,-2.220446049250313e-16,0.0,0.0,4789.119619304187,-2.220446049250313e-16,0.0,0.0,1334.2650379599531,0.0,0.0,0.0,7281.941785879631,0.0,0.0,0.0,5058.790998425282,0.0,0.0011111111111111111,1903.5127485850603,63829.922779583474,0.0,6382.992277956622
207.0,5.0,0.1388888888888889,18993888.0,231695.27360263705,0.0,0.0,2444.7845918804883,0.0,0.001388888888888889,0.0,8555.594915117967,-4.440892098500626e-16,0.0,0.0,6565.827677812334,-8.881784197001252e-16,0.0,0.0,13818.414338248007,-4.440892098500626e-16,0.0,0.0,8482.611920701884,8.881784197001252e-16,0.0,0.0,5498.571894253747,-2.220446049250313e-16,0.0,0.0,4789.119619304187,-2.220446049250313e-16,0.0,0.0,1334.2650379599531,0.0,0.0,0.0,7281.941785879631,0.0,0.0,2.0,5060.790998425282,2.0,0.001388888888888889,1903.5127485850603,63831.922779583474,0.2,6383.192277956622
208.0,6.0,0.16666666666666666,18993894.0,231695.4402693037,0.0,0.0,2444.7845918804883,0.0,0.0016666666666666668,0.0,8555.594915117967,-4.440892098500626e-16,0.0,0.0,6565.827677812334,-8.881784197001252e-16,0.0,0.0,13818.414338248007,-4.440892098500626e-16,0.0,2.0,8484.611920701884,2.000000000000001,0.0,0.0,5498.571894253747,-2.220446049250313e-16,0.0,0.0,4789.119619304187,-2.220446049250313e-16,0.0,0.0,1334.2650379599531,0.0,0.0,0.0,7281.941785879631,0.0,0.0,0.0,5060.790998425282,0.0,0.0016666666666666668,1903.5127485850603,63833.922779583474,0.2,6383.392277956622
209.0,7.0,0.19444444444444445,18993901.0,231695.63471374815,0.0,0.0,2444.7845918804883,0.0,0.0019444444444444444,0.0,8555.594915117967,-4.440892098500626e-16,0.0,0.0,6565.827677812334,-8.881784197001252e-16,0.0,0.0,13818.414338248007,-4.440892098500626e-16,0.0,0.0,8484.611920701884,8.881784197001252e-16,0.0,0.0,5498.571894253747,-2.220446049250313e-16,0.0,2.0,4791.119619304187,1.9999999999999998,0.0,0.0,1334.2650379599531,0.0,0.0,0.0,7281.941785879631,0.0,0.0,0.0,5060.790998425282,0.0,0.0019444444444444444,1903.5127485850603,63835.922779583474,0.2,6383.592277956622
210.0,8.0,0.2222222222222222,18993909.0,231695.85693597037,0.0,1.6126434257292994,2446.3972353062177,1.6126434257292994,0.0022222222222222222,0.0,8555.594915117967,-4.440892098500626e-16,0.0,0.0,6565.827677812334,-8.881784197001252e-16,0.0,0.0,13818.414338248007,-4.440892098500626e-16,0.0,0.0,8484.611920701884,8.881784197001252e-16,0.0,0.0,5498.571894253747,-2.220446049250313e-16,0.0,0.0,4791.119619304187,-2.220446049250313e-16,0.0,0.0,1334.2650379599531,0.0,0.0,0.0,7281.941785879631,0.0,0.0,0.0,5060.790998425282,0.0,0.0022222222222222222,1903.5127485850603,63837.535423009205,0.16126434257292993,6383.753542299195
211.0,9.0,0.20930232558139536,18993918.0,231696.06623829596,0.0,0.0,2446.3972353062177,0.0,0.0025,0.0,8555.594915117967,-4.440892098500626e-16,0.0,0.0,6565.827677812334,-8.881784197001252e-16,0.0,0.0,13818.414338248007,-4.440892098500626e-16,0.0,0.0,8484.611920701884,8.881784197001252e-16,0.0,0.0,5498.571894253747,-2.220446049250313e-16,0.0,0.0,4791.119619304187,-2.220446049250313e-16,0.0,0.0,1334.2650379599531,0.0,0.0,0.0,7281.941785879631,0.0,0.0,0.0,5060.790998425282,0.0,0.0025,1903.5127485850603,63837.535423009205,0.0,6383.753542299195
212.0,10.0,0.23255813953488372,18993928.0,231696.2987964355,0.0,0.0,2446.3972353062177,0.0,0.002777777777777778,1.0498528577089206,8556.644767975675,1.0498528577089201,0.0,0.0,6565.827677812334,-8.881784197001252e-16,0.0,0.0,13818.414338248007,-4.440892098500626e-16,0.0,0.0,8484.611920701884,8.881784197001252e-16,0.0,2.0,5500.571894253747,1.9999999999999998,0.0,0.0,4791.119619304187,-2.220446049250313e-16,0.0,0.0,1334.2650379599531,0.0,0.0,0.0,7281.941785879631,0.0,0.0,0.0,5060.790998425282,0.0,0.002777777777777778,1903.5127485850603,63840.58527586692,0.304985285770892,6384.058527584966
213.0,11.0,0.2558139534883721,18993939.0,231696.554610389,0.0,0.0,2446.3972353062177,0.0,0.0030555555555555557,2.0,8558.644767975675,1.9999999999999996,0.0,0.0,6565.827677812334,-8.881784197001252e-16,0.0,0.0,13818.414338248007,-4.440892098500626e-16,0.0,0.0,8484.611920701884,8.881784197001252e-16,0.0,0.0,5500.571894253747,-2.220446049250313e-16,0.0,0.0,4791.119619304187,-2.220446049250313e-16,0.0,0.0,1334.2650379599531,0.0,0.0,0.0,7281.941785879631,0.0,0.0,0.0,5060.790998425282,0.0,0.0030555555555555557,1903.5127485850603,63842.58527586692,0.2,6384.258527584966
214.0,12.0,0.27906976744186046,18993951.0,231696.83368015644,0.0,0.0,2446.3972353062177,0.0,0.0033333333333333335,0.0,8558.644767975675,-4.440892098500626e-16,0.0,1.6014756341632899,6567.4291534464965,1.601475634163289,0.0,0.0,13818.414338248007,-4.440892098500626e-16,0.0,0.0,8484.611920701884,8.881784197001252e-16,0.0,0.0,5500.571894253747,-2.220446049250313e-16,0.0,1.4344685538727664,4792.55408785806,1.4344685538727662,0.0,0.0,1334.2650379599531,0.0,0.0,0.0,7281.941785879631,0.0,0.0,0.0,5060.790998425282,0.0,0.0033333333333333335,1903.5127485850603,63845.62122005495,0.3035944188036056,6384.562122003769
215.0,13.0,0.3023255813953488,18993964.0,231697.13600573785,0.0,0.0,2446.3972353062177,0.0,0.003611111111111111,0.0,8558.644767975675,-4.440892098500626e-16,0.0,2.0,6569.4291534464965,1.9999999999999991,0.0,0.0,13818.414338248007,-4.440892098500626e-16,0.0,0.0,8484.611920701884,8.881784197001252e-16,0.0,0.0,5500.571894253747,-2.220446049250313e-16,0.0,0.0,4792.55408785806,-2.220446049250313e-16,0.0,0.0,1334.2650379599531,0.0,0.0,0.0,7281.941785879631,0.0,0.0,0.0,5060.790998425282,0.0,0.003611111111111111,1903.5127485850603,63847.62122005495,0.2,6384.762122003769
216.0,15.0,0.3488372093023256,18993979.0,231697.48484294716,0.0,0.0,2446.3972353062177,0.0,0.0038888888888888888,0.0,8558.644767975675,-4.440892098500626e-16,0.0,2.0,6571.4291534464965,1.9999999999999991,0.0,0.0,13818.414338248007,-4.440892098500626e-16,0.0,0.0,8484.611920701884,8.881784197001252e-16,0.0,0.0,5500.571894253747,-2.220446049250313e-16,0.0,0.0,4792.55408785806,-2.220446049250313e-16,0.0,0.0,1334.2650379599531,0.0,0.0,0.0,7281.941785879631,0.0,0.0,0.0,5060.790998425282,0.0,0.0038888888888888888,1903.5127485850603,63849.62122005495,0.2,6384.962122003769
217.0,15.0,0.3488372093023256,18993994.0,231697.83368015647,0.0,0.0,2446.3972353062177,0.0,0.004166666666666667,0.0,8558.644767975675,-4.440892098500626e-16,0.0,0.0,6571.4291534464965,-8.881784197001252e-16,0.0,0.0,13818.414338248007,-4.440892098500626e-16,0.0,0.0,8484.611920701884,8.881784197001252e-16,0.0,0.0,5500.571894253747,-2.220446049250313e-16,0.0,0.0,4792.55408785806,-2.220446049250313e-16,0.0,0.0,1334.2650379599531,0.0,0.0,0.0,7281.941785879631,0.0,0.0,0.0,5060.790998425282,0.0,0.004166666666666667,1903.5127485850603,63849.62122005495,0.0,6384.962122003769
218.0,16.0,0.37209302325581395,18994010.0,231698.20577317974,0.0,0.0,2446.3972353062177,0.0,0.0044444444444444444,0.0,8558.644767975675,-4.440892098500626e-16,0.0,0.0,6571.4291534464965,-8.881784197001252e-16,0.0,1.9927728692514135,13820.407111117258,1.992772869251413,0.0,0.0,8484.611920701884,8.881784197001252e-16,0.0,0.0,5500.571894253747,-2.220446049250313e-16,0.0,0.0,4792.55408785806,-2.220446049250313e-16,0.0,0.0,1334.2650379599531,0.0,0.0,0.0,7281.941785879631,0.0,0.0,0.0,5060.790998425282,0.0,0.0044444444444444444,1903.5127485850603,63851.613992924205,0.19927728692514135,6385.161399290694
219.0,17.0,0.3953488372093023,18994027.0,231698.60112201696,0.0,0.0,2446.3972353062177,0.0,0.004722222222222222,1.961201508138264,8560.605969483813,1.9612015081382637,0.0,0.0,6571.4291534464965,-8.881784197001252e-16,0.0,2.0,13822.407111117258,1.9999999999999996,0.0,1.05,8485.661920701883,1.050000000000001,0.0,0.0,5500.571894253747,-2.220446049250313e-16,0.0,0.0,4792.55408785806,-2.220446049250313e-16,0.0,0.0,1334.2650379599531,0.0,0.0,0.0,7281.941785879631,0.0,0.0,0.0,5060.790998425282,0.0,0.004722222222222222,1903.5127485850603,63856.62519443234,0.5011201508138263,6385.662519441508
220.0,18.0,0.4186046511627907,18994045.0,231699.01972666814,0.0,0.0,2446.3972353062177,0.0,0.005,0.0,8560.605969483813,-4.440892098500626e-16,0.0,0.0,6571.4291534464965,-8.881784197001252e-16,0.0,0.0,13822.407111117258,-4.440892098500626e-16,0.0,2.0,8487.661920701883,2.000000000000001,0.0,0.0,5500.571894253747,-2.220446049250313e-16,0.0,0.0,4792.55408785806,-2.220446049250313e-16,0.0,0.0,1334.2650379599531,0.0,0.0,0.0,7281.941785879631,0.0,0.0,0.0,5060.790998425282,0.0,0.005,1903.5127485850603,63858.62519443234,0.2,6385.862519441508
221.0,19.0,0.4418604651162791,18994064.0,231699.46158713326,0.0,0.0,2446.3972353062177,0.0,0.005277777777777778,0.0,8560.605969483813,-4.440892098500626e-16,0.0,0.0,6571.4291534464965,-8.881784197001252e-16,0.0,0.0,13822.407111117258,-4.440892098500626e-16,0.0,2.0,8489.661920701883,2.000000000000001,0.0,0.0,5500.571894253747,-2.220446049250313e-16,0.0,0.0,4792.55408785806,-2.220446049250313e-16,0.0,0.0,1334.2650379599531,0.0,0.0,0.0,7281.941785879631,0.0,0.0,0.0,5060.790998425282,0.0,0.005277777777777778,1903.5127485850603,63860.62519443234,0.2,6386.062519441508
222.0,20.0,0.46511627906976744,18994084.0,231699.92670341235,0.0,0.0,2446.3972353062177,0.0,0.005555555555555556,0.0,8560.605969483813,-4.440892098500626e-16,0.0,0.0,6571.4291534464965,-8.881784197001252e-16,0.0,2.0,13824.407111117258,1.9999999999999996,0.0,0.0,8489.661920701883,8.881784197001252e-16,0.0,0.0,5500.571894253747,-2.220446049250313e-16,0.0,0.0,4792.55408785806,-2.220446049250313e-16,0.0,0.0,1334.2650379599531,0.0,0.0,0.0,7281.941785879631,0.0,0.0,0.0,5060.790998425282,0.0,0.005555555555555556,1903.5127485850603,63862.62519443234,0.2,6386.262519441508
223.0,21.0,0.4883720930232558,18994105.0,231700.41507550539,0.0,0.0,2446.3972353062177,0.0,0.005833333333333334,0.0,8560.605969483813,-4.440892098500626e-16,0.0,0.0,6571.4291534464965,-8.881784197001252e-16,0.0,2.0,13826.407111117258,1.9999999999999996,0.0,0.0,8489.661920701883,8.881784197001252e-16,0.0,0.0,5500.571894253747,-2.220446049250313e-16,0.0,0.0,4792.55408785806,-2.220446049250313e-16,0.0,0.0,1334.2650379599531,0.0,0.0,0.0,7281.941785879631,0.0,0.0,0.0,5060.790998425282,0.0,0.005833333333333334,1903.5127485850603,63864.62519443234,0.2,6386.4625194415075
224.0,0.0,0.0,18994105.0,231700.41507550539,0.0,0.5312161096745246,2446.928451415892,0.5312161096745246,0.0,0.0,8560.605969483813,-4.440892098500626e-16,0.0,0.0,6571.4291534464965,-8.881784197001252e-16,0.0,0.0,13826.407111117258,-4.440892098500626e-16,0.0,0.0,8489.661920701883,8.881784197001252e-16,0.0,0.0,5500.571894253747,-2.220446049250313e-16,0.0,0.0,4792.55408785806,-2.220446049250313e-16,0.0,1.5815574561874575,1335.8465954161406,1.5815574561874575,0.0,0.0,7281.941785879631,0.0,0.0,0.0,5060.790998425282,0.0,0.0,1903.5127485850603,63866.737967998204,0.2112773565861982,6386.6737967980935
225.0,0.0,0.0,18994105.0,231700.41507550539,0.0,0.0,2446.928451415892,0.0,0.0,0.0,8560.605969483813,-4.440892098500626e-16,0.0,0.0,6571.4291534464965,-8.881784197001252e-16,0.0,0.0,13826.407111117258,-4.440892098500626e-16,0.0,0.0,8489.661920701883,8.881784197001252e-16,0.0,0.0,5500.571894253747,-2.220446049250313e-16,0.0,0.0,4792.55408785806,-2.220446049250313e-16,0.0,0.0,1335.8465954161406,0.0,0.0,0.0,7281.941785879631,0.0,0.0,0.0,5060.790998425282,0.0,0.0,1903.5127485850603,63866.737967998204,0.0,6386.6737967980935
226.0,2.0,0.046511627906976744,18994107.0,231700.4615871333,0.0,0.0,2446.928451415892,0.0,0.0,0.0,8560.605969483813,-4.440892098500626e-16,0.0,0.0,6571.4291534464965,-8.881784197001252e-16,0.0002777777777777778,0.0,13826.407111117258,-4.440892098500626e-16,0.0,0.0,8489.661920701883,8.881784197001252e-16,0.0002777777777777778,0.0,5500.571894253747,-2.220446049250313e-16,0.0,0.0,4792.55408785806,-2.220446049250313e-16,0.0,0.0,1335.8465954161406,0.0,0.0,0.0,7281.941785879631,0.0,0.0,0.0,5060.790998425282,0.0,0.0005555555555555556,1903.5127485850603,63866.737967998204,0.0,6386.6737967980935
227.0,0.0,0.0,18994107.0,231700.4615871333,0.0,0.0,2446.928451415892,0.0,0.0,0.0,8560.605969483813,-4.440892098500626e-16,0.0,0.0,6571.4291534464965,-8.881784197001252e-16,0.0,0.0,13826.407111117258,-4.440892098500626e-16,0.0,0.0,8489.661920701883,8.881784197001252e-16,0.0,0.0,5500.571894253747,-2.220446049250313e-16,0.0,0.0,4792.55408785806,-2.220446049250313e-16,0.0,0.0,1335.8465954161406,0.0,0.0,1.973861580866062,7283.915647460498,1.973861580866062,0.0,0.0,5060.790998425282,0.0,0.0,1903.5127485850603,63868.71182957907,0.1973861580866062,6386.87118295618
228.0,0.0,0.0,18994107.0,231700.4615871333,0.0,0.0,2446.928451415892,0.0,0.0,0.0,8560.605969483813,-4.440892098500626e-16,0.0,0.0,6571.4291534464965,-8.881784197001252e-16,0.0,0.0,13826.407111117258,-4.440892098500626e-16,0.0,0.0,8489.661920701883,8.881784197001252e-16,0.0,0.0,5500.571894253747,-2.220446049250313e-16,0.0,0.0,4792.55408785806,-2.220446049250313e-16,0.0,0.0,1335.8465954161406,0.0,0.0,0.0,7283.915647460498,0.0,0.0,0.0,5060.790998425282,0.0,0.0,1903.5127485850603,63868.71182957907,0.0,6386.87118295618
229.0,0.0,0.0,18994107.0,231700.4615871333,0.0,0.0,2446.928451415892,0.0,0.0,0.0,8560.605969483813,-4.440892098500626e-16,0.0,0.0,6571.4291534464965,-8.881784197001252e-16,0.0,0.0,13826.407111117258,-4.440892098500626e-16,0.0,0.0,8489.661920701883,8.881784197001252e-16,0.0,0.0,5500.571894253747,-2.220446049250313e-16,0.0,0.0,4792.55408785806,-2.220446049250313e-16,0.0,0.0,1335.8465954161406,0.0,0.0,0.0,7283.915647460498,0.0,0.0,0.0,5060.790998425282,0.0,0.0,1903.5127485850603,63868.71182957907,0.0,6386.87118295618
230.0,0.0,0.0,18994107.0,231700.4615871333,0.0,0.0,2446.928451415892,0.0,0.0,0.0,8560.605969483813,-4.440892098500626e-16,0.0,0.0,6571.4291534464965,-8.881784197001252e-16,0.0,0.0,13826.407111117258,-4.440892098500626e-16,0.0,0.0,8489.661920701883,8.881784197001252e-16,0.0,0.0,5500.571894253747,-2.220446049250313e-16,0.0,0.0,4792.55408785806,-2.220446049250313e-16,0.0,0.0,1335.8465954161406,0.0,0.0,0.0,7283.915647460498,0.0,0.0,0.0,5060.790998425282,0.0,0.0,1903.5127485850603,63868.71182957907,0.0,6386.87118295618
231.0,0.0,0.0,18994107.0,231700.4615871333,0.0,0.0,2446.928451415892,0.0,0.0,0.0,8560.605969483813,-4.440892098500626e-16,0.0,0.0,6571.4291534464965,-8.881784197001252e-16,0.0,0.0,13826.407111117258,-4.440892098500626e-16,0.0,0.0,8489.661920701883,8.881784197001252e-16,0.0,0.0,5500.571894253747,-2.220446049250313e-16,0.0,0.0,4792.55408785806,-2.220446049250313e-16,0.0,0.0,1335.8465954161406,0.0,0.0,0.0,7283.915647460498,0.0,0.0,0.0,5060.790998425282,0.0,0.0,1903.5127485850603,63868.71182957907,0.0,6386.87118295618
232.0,0.0,0.0,18994107.0,231700.4615871333,0.0,0.0,2446.928451415892,0.0,0.0,0.0,8560.605969483813,-4.440892098500626e-16,0.0,0.0,6571.4291534464965,-8.881784197001252e-16,0.0,0.0,13826.407111117258,-4.440892098500626e-16,0.0,0.0,8489.661920701883,8.881784197001252e-16,0.0,0.0,5500.571894253747,-2.220446049250313e-16,0.0,0.0,4792.55408785806,-2.220446049250313e-16,0.0,0.0,1335.8465954161406,0.0,0.0,0.0,7283.915647460498,0.0,0.0,0.0,5060.790998425282,0.0,0.0,1903.5127485850603,63868.71182957907,0.0,6386.87118295618
233.0,0.0,0.0,18994107.0,231700.4615871333,0.0,0.0,2446.928451415892,0.0,0.0,0.0,8560.605969483813,-4.440892098500626e-16,0.0,0.0,6571.4291534464965,-8.881784197001252e-16,0.0,0.0,13826.407111117258,-4.440892098500626e-16,0.0,0.0,8489.661920701883,8.881784197001252e-16,0.0,0.0,5500.571894253747,-2.220446049250313e-16,0.0,0.0,4792.55408785806,-2.220446049250313e-16,0.0,0.0,1335.8465954161406,0.0,0.0,0.0,7283.915647460498,0.0,0.0,0.0,5060.790998425282,0.0,0.0,1903.5127485850603,63868.71182957907,0.0,6386.87118295618
234.0,0.0,0.0,18994107.0,231700.4615871333,0.0,0.0,2446.928451415892,0.0,0.0,0.0,8560.605969483813,-4.440892098500626e-16,0.0,0.0,6571.4291534464965,-8.881784197001252e-16,0.0,0.0,13826.407111117258,-4.440892098500626e-16,0.0,0.0,8489.661920701883,8.881784197001252e-16,0.0,0.0,5500.571894253747,-2.220446049250313e-16,0.0,0.0,4792.55408785806,-2.220446049250313e-16,0.0,0.0,1335.8465954161406,0.0,0.0,0.6920239543469856,7284.607671414845,0.6920239543469856,0.0,0.0,5060.790998425282,0.0,0.0,1903.5127485850603,63869.40385353342,0.06920239543469855,6386.940385351614
235.0,1.0,0.02564102564102564,18994108.0,231700.48722815895,0.0,0.0,2446.928451415892,0.0,0.0,0.0,8560.605969483813,-4.440892098500626e-16,0.0,0.0,6571.4291534464965,-8.881784197001252e-16,0.0,2.0,13828.407111117258,1.9999999999999996,0.0,0.0,8489.661920701883,8.881784197001252e-16,0.0,0.0,5500.571894253747,-2.220446049250313e-16,0.0,0.0,4792.55408785806,-2.220446049250313e-16,0.0,0.0,1335.8465954161406,0.0,0.0,0.0,7284.607671414845,0.0,0.0,0.0,5060.790998425282,0.0,0.0,1903.5127485850603,63871.40385353342,0.2,6387.140385351614
236.0,2.0,0.05263157894736842,18994110.0,231700.5398597379,0.0,0.0,2446.928451415892,0.0,0.0,0.0,8560.605969483813,-4.440892098500626e-16,0.0,0.0,6571.4291534464965,-8.881784197001252e-16,0.0,0.0,13828.407111117258,-4.440892098500626e-16,0.0,0.0,8489.661920701883,8.881784197001252e-16,0.0,0.0,5500.571894253747,-2.220446049250313e-16,0.0,1.7524210293362352,4794.3065088873955,1.752421029336235,0.0,0.0,1335.8465954161406,0.0,0.0,0.0,7284.607671414845,0.0,0.0,-0.6730607449654559,5060.117937680317,-0.6730607449654559,0.0,1904.1858093300257,63872.48321381779,0.10793602843707792,6387.2483213800515
237.0,3.0,0.07894736842105263,18994113.0,231700.61880710634,0.0,0.0,2446.928451415892,0.0,0.0,0.0,8560.605969483813,-4.440892098500626e-16,0.0,0.0,6571.4291534464965,-8.881784197001252e-16,0.0,0.0,13828.407111117258,-4.440892098500626e-16,0.0,0.0,8489.661920701883,8.881784197001252e-16,0.0,0.0,5500.571894253747,-2.220446049250313e-16,0.0,0.0,4794.3065088873955,-2.220446049250313e-16,0.0,0.0,1335.8465954161406,0.0,0.0,0.0,7284.607671414845,0.0,0.0,0.0,5060.117937680317,0.0,0.0,1904.1858093300257,63872.48321381779,0.0,6387.2483213800515
238.0,4.0,0.10526315789473684,18994117.0,231700.72407026423,0.0,0.0,2446.928451415892,0.0,0.0,0.0,8560.605969483813,-4.440892098500626e-16,0.0,0.0,6571.4291534464965,-8.881784197001252e-16,0.0,0.0,13828.407111117258,-4.440892098500626e-16,0.0,0.0,8489.661920701883,8.881784197001252e-16,0.0,0.0,5500.571894253747,-2.220446049250313e-16,0.0,0.0,4794.3065088873955,-2.220446049250313e-16,0.0,0.0,1335.8465954161406,0.0,0.0,0.0,7284.607671414845,0.0,0.0,0.0,5060.117937680317,0.0,0.0,1904.1858093300257,63872.48321381779,0.0,6387.2483213800515
239.0,5.0,0.13157894736842105,18994122.0,231700.8556492116,0.0,0.0,2446.928451415892,0.0,0.0,0.0,8560.605969483813,-4.440892098500626e-16,0.0,0.0,6571.4291534464965,-8.881784197001252e-16,0.0,0.0,13828.407111117258,-4.440892098500626e-16,0.0,0.0,8489.661920701883,8.881784197001252e-16,0.0,2.0,5502.571894253747,1.9999999999999998,0.0,2.0,4796.3065088873955,1.9999999999999998,0.0,0.0,1335.8465954161406,0.0,0.0,0.0,7284.607671414845,0.0,0.0,0.0,5060.117937680317,0.0,0.0,1904.1858093300257,63876.48321381779,0.4,6387.648321380051
240.0,0.0,0.0,18994122.0,231700.8556492116,0.0,0.0,2446.928451415892,0.0,0.0,0.0,8560.605969483813,-4.440892098500626e-16,0.0,0.0,6571.4291534464965,-8.881784197001252e-16,0.0,0.0,13828.407111117258,-4.440892098500626e-16,0.0,0.0,8489.661920701883,8.881784197001252e-16,0.0,0.0,5502.571894253747,-2.220446049250313e-16,0.0,0.0,4796.3065088873955,-2.220446049250313e-16,0.0,0.0,1335.8465954161406,0.0,0.0,0.0,7284.607671414845,0.0,0.0,0.0,5060.117937680317,0.0,0.0,1904.1858093300257,63876.48321381779,0.0,6387.648321380051
241.0,0.0,0.0,18994122.0,231700.8556492116,0.0,0.0,2446.928451415892,0.0,0.0,0.0,8560.605969483813,-4.440892098500626e-16,0.0,0.0,6571.4291534464965,-8.881784197001252e-16,0.0,0.0,13828.407111117258,-4.440892098500626e-16,0.0,0.0,8489.661920701883,8.881784197001252e-16,0.0,0.0,5502.571894253747,-2.220446049250313e-16,0.0,0.0,4796.3065088873955,-2.220446049250313e-16,0.0,0.0,1335.8465954161406,0.0,0.0,0.0,7284.607671414845,0.0,0.0,0.0,5060.117937680317,0.0,0.0,1904.1858093300257,63876.48321381779,0.0,6387.648321380051
242.0,0.0,0.0,18994122.0,231700.8556492116,0.0,2.0,2448.928451415892,2.0,0.0,2.0,8562.605969483813,1.9999999999999996,0.0,0.0,6571.4291534464965,-8.881784197001252e-16,0.0,0.0,13828.407111117258,-4.440892098500626e-16,0.0,0.0,8489.661920701883,8.881784197001252e-16,0.0,2.0,5504.571894253747,1.9999999999999998,0.0,0.0,4796.3065088873955,-2.220446049250313e-16,0.0,0.0,1335.8465954161406,0.0,0.0,0.0,7284.607671414845,0.0,0.0,0.0,5060.117937680317,0.0,0.0,1904.1858093300257,63882.48321381779,0.6,6388.2483213800515
243.0,1.0,0.022727272727272728,18994123.0,231700.87837648432,0.0,0.0,2448.928451415892,0.0,0.0,0.0,8562.605969483813,-4.440892098500626e-16,0.0,0.0,6571.4291534464965,-8.881784197001252e-16,0.0,0.0,13828.407111117258,-4.440892098500626e-16,0.0,0.0,8489.661920701883,8.881784197001252e-16,0.0,0.0,5504.571894253747,-2.220446049250313e-16,0.0,0.0,4796.3065088873955,-2.220446049250313e-16,0.0,0.0,1335.8465954161406,0.0,0.0,0.0,7284.607671414845,0.0,0.0,0.0,5060.117937680317,0.0,0.0,1904.1858093300257,63882.48321381779,0.0,6388.2483213800515
244.0,3.0,0.06818181818181818,18994126.0,231700.9465583025,0.0,0.0,2448.928451415892,0.0,0.0,0.0,8562.605969483813,-4.440892098500626e-16,0.0,0.0,6571.4291534464965,-8.881784197001252e-16,0.0,0.0,13828.407111117258,-4.440892098500626e-16,0.0,0.0,8489.661920701883,8.881784197001252e-16,0.0,0.0,5504.571894253747,-2.220446049250313e-16,0.0,0.0,4796.3065088873955,-2.220446049250313e-16,0.0,0.0,1335.8465954161406,0.0,0.0,0.0,7284.607671414845,0.0,0.0,0.0,5060.117937680317,0.0,0.0,1904.1858093300257,63882.48321381779,0.0,6388.2483213800515
245.0,0.0,0.0,18994126.0,231700.9465583025,0.0,0.0,2448.928451415892,0.0,0.0,0.0,8562.605969483813,-4.440892098500626e-16,0.0,1.0315377822631513,6572.46069122876,1.0315377822631504,0.0,0.0,13828.407111117258,-4.440892098500626e-16,0.0,0.0,8489.661920701883,8.881784197001252e-16,0.0,0.0,5504.571894253747,-2.220446049250313e-16,0.0,0.0,4796.3065088873955,-2.220446049250313e-16,0.0,0.0,1335.8465954161406,0.0,0.0,0.0,7284.607671414845,0.0,0.0,0.0,5060.117937680317,0.0,0.0,1904.1858093300257,63883.51475160006,0.10315377822631513,6388.351475158278
246.0,0.0,0.0,18994126.0,231700.9465583025,0.0,0.0,2448.928451415892,0.0,0.0,0.0,8562.605969483813,-4.440892098500626e-16,0.0,2.0,6574.46069122876,1.9999999999999991,0.0,0.0,13828.407111117258,-4.440892098500626e-16,0.0,0.0,8489.661920701883,8.881784197001252e-16,0.0,0.0,5504.571894253747,-2.220446049250313e-16,0.0,0.0,4796.3065088873955,-2.220446049250313e-16,0.0,0.0,1335.8465954161406,0.0,0.0,0.0,7284.607671414845,0.0,0.0,0.0,5060.117937680317,0.0,0.0,1904.1858093300257,63885.51475160006,0.2,6388.551475158278
247.0,0.0,0.0,18994126.0,231700.9465583025,0.0,0.0,2448.928451415892,0.0,0.0,0.0,8562.605969483813,-4.440892098500626e-16,0.0,0.0,6574.46069122876,-8.881784197001252e-16,0.0,0.0,13828.407111117258,-4.440892098500626e-16,0.0,0.0,8489.661920701883,8.881784197001252e-16,0.0,0.0,5504.571894253747,-2.220446049250313e-16,0.0,0.0,4796.3065088873955,-2.220446049250313e-16,0.0,0.0,1335.8465954161406,0.0,0.0,0.0,7284.607671414845,0.0,0.0,0.0,5060.117937680317,0.0,0.0,1904.1858093300257,63885.51475160006,0.0,6388.551475158278
248.0,0.0,0.0,18994126.0,231700.9465583025,0.0,0.0,2448.928451415892,0.0,0.0,2.0,8564.605969483813,1.9999999999999996,0.0,0.0,6574.46069122876,-8.881784197001252e-16,0.0,0.0,13828.407111117258,-4.440892098500626e-16,0.0,2.0,8491.661920701883,2.000000000000001,0.0,0.0,5504.571894253747,-2.220446049250313e-16,0.0,0.0,4796.3065088873955,-2.220446049250313e-16,0.0,0.0,1335.8465954161406,0.0,0.0,0.0,7284.607671414845,0.0,0.0,0.0,5060.117937680317,0.0,0.0,1904.1858093300257,63889.51475160006,0.4,6388.951475158277
249.0,0.0,0.0,18994126.0,231700.9465583025,0.0,0.0,2448.928451415892,0.0,0.0,0.0,8564.605969483813,-4.440892098500626e-16,0.0,0.0,6574.46069122876,-8.881784197001252e-16,0.0,1.9634991389375482,13830.370610256196,1.9634991389375478,0.0,1.05,8492.711920701882,1.050000000000001,0.0,0.0,5504.571894253747,-2.220446049250313e-16,0.0,0.0,4796.3065088873955,-2.220446049250313e-16,0.0,0.0,1335.8465954161406,0.0,0.0,2.0,7286.607671414845,2.0,0.0,0.0,5060.117937680317,0.0,0.0,1904.1858093300257,63894.52825073899,0.5013499138937548,6389.452825072171
250.0,0.0,0.0,18994126.0,231700.9465583025,0.0,0.0,2448.928451415892,0.0,0.0,0.0,8564.605969483813,-4.440892098500626e-16,0.0,0.0,6574.46069122876,-8.881784197001252e-16,0.0,2.0,13832.370610256196,1.9999999999999996,0.0,0.0,8492.711920701882,8.881784197001252e-16,0.0,0.0,5504.571894253747,-2.220446049250313e-16,0.0,0.0,4796.3065088873955,-2.220446049250313e-16,0.0,0.0,1335.8465954161406,0.0,0.0,0.0,7286.607671414845,0.0,0.0,0.0,5060.117937680317,0.0,0.0,1904.1858093300257,63896.52825073899,0.2,6389.652825072171
251.0,0.0,0.0,18994126.0,231700.9465583025,0.0,0.0,2448.928451415892,0.0,0.0,0.0,8564.605969483813,-4.440892098500626e-16,0.0,0.0,6574.46069122876,-8.881784197001252e-16,0.0,0.0,13832.370610256196,-4.440892098500626e-16,0.0,2.0,8494.711920701882,2.000000000000001,0.0,1.022506301764494,5505.594400555511,1.0225063017644938,0.0,0.0,4796.3065088873955,-2.220446049250313e-16,0.0,0.0,1335.8465954161406,0.0,0.0,0.0,7286.607671414845,0.0,0.0,2.0,5062.117937680317,2.0,0.0,1904.1858093300257,63901.550757040764,0.5022506301764494,6390.155075702348
252.0,0.0,0.0,18994126.0,231700.9465583025,0.0,0.0,2448.928451415892,0.0,0.0,0.0,8564.605969483813,-4.440892098500626e-16,0.0,0.0,6574.46069122876,-8.881784197001252e-16,0.0,1.0603733824846304,13833.43098363868,1.06037338248463,0.0,0.0,8494.711920701882,8.881784197001252e-16,0.0,0.0,5505.594400555511,-2.220446049250313e-16,0.0,0.0,4796.3065088873955,-2.220446049250313e-16,0.0,0.0,1335.8465954161406,0.0,0.0,0.0,7286.607671414845,0.0,0.0,0.0,5062.117937680317,0.0,0.0,1904.1858093300257,63902.61113042325,0.10603733824846304,6390.261113040597
253.0,1.0,0.023809523809523808,18994127.0,231700.97036782632,0.0,0.0,2448.928451415892,0.0,0.0,0.0,8564.605969483813,-4.440892098500626e-16,0.0,0.0,6574.46069122876,-8.881784197001252e-16,0.0,0.0,13833.43098363868,-4.440892098500626e-16,0.0,0.0,8494.711920701882,8.881784197001252e-16,0.0,0.0,5505.594400555511,-2.220446049250313e-16,0.0,0.0,4796.3065088873955,-2.220446049250313e-16,0.0,0.0,1335.8465954161406,0.0,0.0,0.0,7286.607671414845,0.0,0.0,0.0,5062.117937680317,0.0,0.0,1904.1858093300257,63902.61113042325,0.0,6390.261113040597
254.0,2.0,0.047619047619047616,18994129.0,231701.01798687395,0.0,0.0,2448.928451415892,0.0,0.0,0.0,8564.605969483813,-4.440892098500626e-16,0.0,0.0,6574.46069122876,-8.881784197001252e-16,0.0,2.0,13835.43098363868,1.9999999999999996,0.0,0.0,8494.711920701882,8.881784197001252e-16,0.0,0.0,5505.594400555511,-2.220446049250313e-16,0.0,0.0,4796.3065088873955,-2.220446049250313e-16,0.0,0.0,1335.8465954161406,0.0,0.0,0.0,7286.607671414845,0.0,0.0,0.0,5062.117937680317,0.0,0.0,1904.1858093300257,63904.61113042325,0.2,6390.4611130405965
255.0,4.0,0.09523809523809523,18994133.0,231701.1132249692,0.0,0.0,2448.928451415892,0.0,0.0,0.0,8564.605969483813,-4.440892098500626e-16,0.0,0.0,6574.46069122876,-8.881784197001252e-16,0.0,2.0,13837.43098363868,1.9999999999999996,0.0,0.0,8494.711920701882,8.881784197001252e-16,0.0,0.0,5505.594400555511,-2.220446049250313e-16,0.0,0.0,4796.3065088873955,-2.220446049250313e-16,0.0,0.0,1335.8465954161406,0.0,0.0,0.0,7286.607671414845,0.0,0.0,0.0,5062.117937680317,0.0,0.0,1904.1858093300257,63906.61113042325,0.2,6390.661113040596
256.0,2.0,0.047619047619047616,18994135.0,231701.16084401682,0.0,0.0,2448.928451415892,0.0,0.0,0.0,8564.605969483813,-4.440892098500626e-16,0.0,0.0,6574.46069122876,-8.881784197001252e-16,0.0,0.0,13837.43098363868,-4.440892098500626e-16,0.0,0.0,8494.711920701882,8.881784197001252e-16,0.0,0.0,5505.594400555511,-2.220446049250313e-16,0.0,0.0,4796.3065088873955,-2.220446049250313e-16,0.0,0.0,1335.8465954161406,0.0,0.0,0.0,7286.607671414845,0.0,0.0,0.0,5062.117937680317,0.0,0.0,1904.1858093300257,63906.61113042325,0.0,6390.661113040596
257.0,4.0,0.09523809523809523,18994139.0,231701.25608211206,0.0,0.0,2448.928451415892,0.0,0.0,0.0,8564.605969483813,-4.440892098500626e-16,0.0,0.0,6574.46069122876,-8.881784197001252e-16,0.0,0.0,13837.43098363868,-4.440892098500626e-16,0.0002777777777777778,0.0,8494.711920701882,8.881784197001252e-16,0.0,0.0,5505.594400555511,-2.220446049250313e-16,0.0,0.0,4796.3065088873955,-2.220446049250313e-16,0.0,0.0,1335.8465954161406,0.0,0.0,0.0,7286.607671414845,0.0,0.0,0.0,5062.117937680317,0.0,0.0002777777777777778,1904.1858093300257,63906.61113042325,0.0,6390.661113040596
258.0,6.0,0.14285714285714285,18994145.0,231701.39893925493,0.0,0.0,2448.928451415892,0.0,0.0,0.0,8564.605969483813,-4.440892098500626e-16,0.0,0.0,6574.46069122876,-8.881784197001252e-16,0.0,0.0,13837.43098363868,-4.440892098500626e-16,0.0005555555555555556,0.0,8494.711920701882,8.881784197001252e-16,0.0,0.0,5505.594400555511,-2.220446049250313e-16,0.0,0.0,4796.3065088873955,-2.220446049250313e-16,0.0,0.0,1335.8465954161406,0.0,0.0,0.0,7286.607671414845,0.0,0.0,0.0,5062.117937680317,0.0,0.0005555555555555556,1904.1858093300257,63906.61113042325,0.0,6390.661113040596
259.0,8.0,0.19047619047619047,18994153.0,231701.5894154454,0.0,0.0,2448.928451415892,0.0,0.0,0.0,8564.605969483813,-4.440892098500626e-16,0.0,0.0,6574.46069122876,-8.881784197001252e-16,0.0,0.0,13837.43098363868,-4.440892098500626e-16,0.0008333333333333334,0.0,8494.711920701882,8.881784197001252e-16,0.0,0.0,5505.594400555511,-2.220446049250313e-16,0.0,0.0,4796.3065088873955,-2.220446049250313e-16,0.0,0.0,1335.8465954161406,0.0,0.0,0.0,7286.607671414845,0.0,0.0,0.0,5062.117937680317,0.0,0.0008333333333333334,1904.1858093300257,63906.61113042325,0.0,6390.661113040596
260.0,10.0,0.23809523809523808,18994163.0,231701.8275106835,0.0,0.0,2448.928451415892,0.0,0.0,0.0,8564.605969483813,-4.440892098500626e-16,0.0,0.0,6574.46069122876,-8.881784197001252e-16,0.0,0.0,13837.43098363868,-4.440892098500626e-16,0.0011111111111111111,0.0,8494.711920701882,8.881784197001252e-16,0.0,0.0,5505.594400555511,-2.220446049250313e-16,0.0,0.0,4796.3065088873955,-2.220446049250313e-16,0.0,0.0,1335.8465954161406,0.0,0.0,1.742686411789323,7288.3503578266345,1.742686411789323,0.0,0.0,5062.117937680317,0.0,0.0011111111111111111,1904.1858093300257,63908.353816835035,0.17426864117893232,6390.835381681775
261.0,12.0,0.2857142857142857,18994175.0,231702.11322496922,0.0,0.0,2448.928451415892,0.0,0.0,0.0,8564.605969483813,-4.440892098500626e-16,0.0,0.0,6574.46069122876,-8.881784197001252e-16,0.0,0.0,13837.43098363868,-4.440892098500626e-16,0.001388888888888889,0.0,8494.711920701882,8.881784197001252e-16,0.0,0.0,5505.594400555511,-2.220446049250313e-16,0.0,0.0,4796.3065088873955,-2.220446049250313e-16,0.0,0.0,1335.8465954161406,0.0,0.0,0.0,7288.3503578266345,0.0,0.0,1.7588506777280835,5063.876788358045,1.7588506777280835,0.001388888888888889,1904.1858093300257,63910.11266751276,0.17588506777280835,6391.011266749548
262.0,14.0,0.3333333333333333,18994189.0,231702.44655830256,0.0,0.0,2448.928451415892,0.0,0.0,0.0,8564.605969483813,-4.440892098500626e-16,0.0,0.0,6574.46069122876,-8.881784197001252e-16,0.0,0.0,13837.43098363868,-4.440892098500626e-16,0.0016666666666666668,0.0,8494.711920701882,8.881784197001252e-16,0.0,0.0,5505.594400555511,-2.220446049250313e-16,0.0,0.0,4796.3065088873955,-2.220446049250313e-16,0.0,0.0,1335.8465954161406,0.0,0.0,0.0,7288.3503578266345,0.0,0.0,0.0,5063.876788358045,0.0,0.0016666666666666668,1904.1858093300257,63910.11266751276,0.0,6391.011266749548
263.0,16.0,0.3902439024390244,18994205.0,231702.836802205,0.0,0.0,2448.928451415892,0.0,0.0,0.0,8564.605969483813,-4.440892098500626e-16,0.0,0.0,6574.46069122876,-8.881784197001252e-16,0.0,0.0,13837.43098363868,-4.440892098500626e-16,0.0019444444444444444,0.0,8494.711920701882,8.881784197001252e-16,0.0,0.0,5505.594400555511,-2.220446049250313e-16,0.0,0.0,4796.3065088873955,-2.220446049250313e-16,0.0,0.0,1335.8465954161406,0.0,0.0,0.0,7288.3503578266345,0.0,0.0,0.0,5063.876788358045,0.0,0.0019444444444444444,1904.1858093300257,63910.11266751276,0.0,6391.011266749548
264.0,20.0,0.5,18994225.0,231703.336802205,0.0,0.0,2448.928451415892,0.0,0.0,0.0,8564.605969483813,-4.440892098500626e-16,0.0,0.0,6574.46069122876,-8.881784197001252e-16,0.0,0.0,13837.43098363868,-4.440892098500626e-16,0.0022222222222222222,0.0,8494.711920701882,8.881784197001252e-16,0.0,0.0,5505.594400555511,-2.220446049250313e-16,0.0,0.0,4796.3065088873955,-2.220446049250313e-16,0.0,0.0,1335.8465954161406,0.0,0.0,2.0,7290.3503578266345,2.0,0.0,0.0,5063.876788358045,0.0,0.0022222222222222222,1904.1858093300257,63912.11266751276,0.2,6391.211266749548
265.0,22.0,0.55,18994247.0,231703.886802205,0.0,2.0,2450.928451415892,2.0,0.0,0.0,8564.605969483813,-4.440892098500626e-16,0.0,0.0,6574.46069122876,-8.881784197001252e-16,0.0,0.0,13837.43098363868,-4.440892098500626e-16,0.0025,0.0,8494.711920701882,8.881784197001252e-16,0.0,0.0,5505.594400555511,-2.220446049250313e-16,0.0,0.0,4796.3065088873955,-2.220446049250313e-16,0.0,0.0,1335.8465954161406,0.0,0.0,0.0,7290.3503578266345,0.0,0.0,2.0,5065.876788358045,2.0,0.0025,1904.1858093300257,63916.11266751276,0.4,6391.611266749547
266.0,28.0,0.7,18994275.0,231704.586802205,0.0,0.0,2450.928451415892,0.0,0.0,0.0,8564.605969483813,-4.440892098500626e-16,0.0,0.0,6574.46069122876,-8.881784197001252e-16,0.0,0.0,13837.43098363868,-4.440892098500626e-16,0.002777777777777778,0.0,8494.711920701882,8.881784197001252e-16,0.0,0.0,5505.594400555511,-2.220446049250313e-16,0.0,0.0,4796.3065088873955,-2.220446049250313e-16,0.0,0.0,1335.8465954161406,0.0,0.0,0.0,7290.3503578266345,0.0,0.0,0.0,5065.876788358045,0.0,0.002777777777777778,1904.1858093300257,63916.11266751276,0.0,6391.611266749547
267.0,39.0,0.975,18994314.0,231705.56180220502,0.0,0.0,2450.928451415892,0.0,0.0,0.0,8564.605969483813,-4.440892098500626e-16,0.0,0.0,6574.46069122876,-8.881784197001252e-16,0.0,0.0,13837.43098363868,-4.440892098500626e-16,0.0030555555555555557,0.0,8494.711920701882,8.881784197001252e-16,0.0,0.0,5505.594400555511,-2.220446049250313e-16,0.0,0.0,4796.3065088873955,-2.220446049250313e-16,0.0,0.0,1335.8465954161406,0.0,0.0,0.0,7290.3503578266345,0.0,0.0,0.0,5065.876788358045,0.0,0.0030555555555555557,1904.1858093300257,63916.11266751276,0.0,6391.611266749547
268.0,49.0,1.225,18994363.0,231706.78680220502,0.0,0.0,2450.928451415892,0.0,0.0,0.0,8564.605969483813,-4.440892098500626e-16,0.0,0.0,6574.46069122876,-8.881784197001252e-16,0.0,0.0,13837.43098363868,-4.440892098500626e-16,0.0033333333333333335,0.0,8494.711920701882,8.881784197001252e-16,0.0,0.0,5505.594400555511,-2.220446049250313e-16,0.0,0.0,4796.3065088873955,-2.220446049250313e-16,0.0,0.0,1335.8465954161406,0.0,0.0,0.0,7290.3503578266345,0.0,0.0,0.0,5065.876788358045,0.0,0.0033333333333333335,1904.1858093300257,63916.11266751276,0.0,6391.611266749547
269.0,61.0,1.525,18994424.0,231708.31180220502,0.0,0.0,2450.928451415892,0.0,0.0,0.0,8564.605969483813,-4.440892098500626e-16,0.0,2.0,6576.46069122876,1.9999999999999991,0.0,0.0,13837.43098363868,-4.440892098500626e-16,0.003611111111111111,0.0,8494.711920701882,8.881784197001252e-16,0.0,0.0,5505.594400555511,-2.220446049250313e-16,0.0,0.0,4796.3065088873955,-2.220446049250313e-16,0.0,0.0,1335.8465954161406,0.0,0.0,0.0,7290.3503578266345,0.0,0.0,0.0,5065.876788358045,0.0,0.003611111111111111,1904.1858093300257,63918.11266751276,0.2,6391.811266749547
270.0,74.0,1.85,18994498.0,231710.16180220502,0.0,0.0,2450.928451415892,0.0,0.0,0.0,8564.605969483813,-4.440892098500626e-16,0.0,0.0,6576.46069122876,-8.881784197001252e-16,0.0,0.0,13837.43098363868,-4.440892098500626e-16,0.0038888888888888888,0.0,8494.711920701882,8.881784197001252e-16,0.0,0.0,5505.594400555511,-2.220446049250313e-16,0.0,0.0,4796.3065088873955,-2.220446049250313e-16,0.0,0.0,1335.8465954161406,0.0,0.0,0.0,7290.3503578266345,0.0,0.0,0.0,5065.876788358045,0.0,0.0038888888888888888,1904.1858093300257,63918.11266751276,0.0,6391.811266749547
271.0,37.0,0.7872340425531915,18994535.0,231710.9490362476,0.0,0.0,2450.928451415892,0.0,0.0,0.0,8564.605969483813,-4.440892098500626e-16,0.0,0.0,6576.46069122876,-8.881784197001252e-16,0.0,0.0,13837.43098363868,-4.440892098500626e-16,0.004166666666666667,0.0,8494.711920701882,8.881784197001252e-16,0.0,0.0,5505.594400555511,-2.220446049250313e-16,0.0,0.0,4796.3065088873955,-2.220446049250313e-16,0.0,0.0,1335.8465954161406,0.0,0.0,0.0,7290.3503578266345,0.0,0.0,0.0,5065.876788358045,0.0,0.004166666666666667,1904.1858093300257,63918.11266751276,0.0,6391.811266749547
272.0,19.0,0.40425531914893614,18994554.0,231711.35329156675,0.0,0.0,2450.928451415892,0.0,0.0,2.0,8566.605969483813,1.9999999999999996,0.0,0.0,6576.46069122876,-8.881784197001252e-16,0.0,0.0,13837.43098363868,-4.440892098500626e-16,0.0,0.0,8494.711920701882,8.881784197001252e-16,0.0,1.0274936982355058,5506.621894253747,1.0274936982355056,0.0,0.0,4796.3065088873955,-2.220446049250313e-16,0.0,0.0,1335.8465954161406,0.0,0.0,0.0,7290.3503578266345,0.0,0.0,0.0,5065.876788358045,0.0,0.0,1904.1858093300257,63921.14016121099,0.30274936982355055,6392.114016119371
273.0,2.0,0.0425531914893617,18994556.0,231711.39584475823,0.0,0.0,2450.928451415892,0.0,0.0,0.0,8566.605969483813,-4.440892098500626e-16,0.0,0.0,6576.46069122876,-8.881784197001252e-16,0.0,0.0,13837.43098363868,-4.440892098500626e-16,0.0,0.0,8494.711920701882,8.881784197001252e-16,0.0,0.0,5506.621894253747,-2.220446049250313e-16,0.0,0.0,4796.3065088873955,-2.220446049250313e-16,0.0,0.0,1335.8465954161406,0.0,0.0,0.0,7290.3503578266345,0.0,0.0,0.0,5065.876788358045,0.0,0.0,1904.1858093300257,63921.14016121099,0.0,6392.114016119371
274.0,0.0,0.0,18994556.0,231711.39584475823,0.0,0.0,2450.928451415892,0.0,0.0,2.0,8568.605969483813,1.9999999999999996,0.0,0.0,6576.46069122876,-8.881784197001252e-16,0.0,0.0,13837.43098363868,-4.440892098500626e-16,0.0,0.0,8494.711920701882,8.881784197001252e-16,0.0,0.0,5506.621894253747,-2.220446049250313e-16,0.0,0.0,4796.3065088873955,-2.220446049250313e-16,0.0,0.0,1335.8465954161406,0.0,0.0,0.0,7290.3503578266345,0.0,0.0,0.0,5065.876788358045,0.0,0.0,1904.1858093300257,63923.14016121099,0.2,6392.3140161193705
275.0,0.0,0.0,18994556.0,231711.39584475823,0.0,0.0,2450.928451415892,0.0,0.0,1.9974741974730947,8570.603443681286,1.9974741974730943,0.0,2.0,6578.46069122876,1.9999999999999991,0.0,0.0,13837.43098363868,-4.440892098500626e-16,0.0,0.0,8494.711920701882,8.881784197001252e-16,0.0,0.0,5506.621894253747,-2.220446049250313e-16,0.0,0.0,4796.3065088873955,-2.220446049250313e-16,0.0,0.0,1335.8465954161406,0.0,0.0,0.0,7290.3503578266345,0.0,0.0,0.0,5065.876788358045,0.0,0.0,1904.1858093300257,63927.137635408464,0.3997474197473095,6392.713763539118
276.0,0.0,0.0,18994556.0,231711.39584475823,0.0,0.0,2450.928451415892,0.0,0.0,0.0,8570.603443681286,-4.440892098500626e-16,0.0,1.9941893398922599,6580.454880568652,1.994189339892259,0.0,0.0,13837.43098363868,-4.440892098500626e-16,0.0,0.0,8494.711920701882,8.881784197001252e-16,0.0,0.0,5506.621894253747,-2.220446049250313e-16,0.0,0.0,4796.3065088873955,-2.220446049250313e-16,0.0,0.0,1335.8465954161406,0.0,0.0,0.0,7290.3503578266345,0.0,0.0,0.0,5065.876788358045,0.0,0.0,1904.1858093300257,63929.13182474836,0.199418933989226,6392.913182473108
277.0,0.0,0.0,18994556.0,231711.39584475823,0.0,0.0,2450.928451415892,0.0,0.0,0.0,8570.603443681286,-4.440892098500626e-16,0.0,0.0,6580.454880568652,-8.881784197001252e-16,0.0,0.0,13837.43098363868,-4.440892098500626e-16,0.0,0.0,8494.711920701882,8.881784197001252e-16,0.0,0.0,5506.621894253747,-2.220446049250313e-16,0.0,0.0,4796.3065088873955,-2.220446049250313e-16,0.0,0.0,1335.8465954161406,0.0,0.0,0.0,7290.3503578266345,0.0,0.0,0.0,5065.876788358045,0.0,0.0,1904.1858093300257,63929.13182474836,0.0,6392.913182473108
278.0,0.0,0.0,18994556.0,231711.39584475823,0.0,0.0,2450.928451415892,0.0,0.0,0.0,8570.603443681286,-4.440892098500626e-16,0.0,0.0,6580.454880568652,-8.881784197001252e-16,0.0,0.0,13837.43098363868,-4.440892098500626e-16,0.0,0.0,8494.711920701882,8.881784197001252e-16,0.0,0.0,5506.621894253747,-2.220446049250313e-16,0.0,0.0,4796.3065088873955,-2.220446049250313e-16,0.0,0.0,1335.8465954161406,0.0,0.0,0.0,7290.3503578266345,0.0,0.0,0.0,5065.876788358045,0.0,0.0,1904.1858093300257,63929.13182474836,0.0,6392.913182473108
279.0,1.0,0.022222222222222223,18994557.0,231711.41806698046,0.0,0.0,2450.928451415892,0.0,0.0,0.0,8570.603443681286,-4.440892098500626e-16,0.0,0.0,6580.454880568652,-8.881784197001252e-16,0.0,0.0,13837.43098363868,-4.440892098500626e-16,0.0,2.0,8496.711920701882,2.000000000000001,0.0,0.0,5506.621894253747,-2.220446049250313e-16,0.0,0.0,4796.3065088873955,-2.220446049250313e-16,0.0,0.0,1335.8465954161406,0.0,0.0,0.0,7290.3503578266345,0.0,0.0,0.0,5065.876788358045,0.0,0.0,1904.1858093300257,63931.13182474836,0.2,6393.113182473107
280.0,0.0,0.0,18994557.0,231711.41806698046,0.0,0.0,2450.928451415892,0.0,0.0,0.0,8570.603443681286,-4.440892098500626e-16,0.0,0.0,6580.454880568652,-8.881784197001252e-16,0.0,0.0,13837.43098363868,-4.440892098500626e-16,0.0,2.0,8498.711920701882,2.000000000000001,0.0,0.0,5506.621894253747,-2.220446049250313e-16,0.0,0.0,4796.3065088873955,-2.220446049250313e-16,0.0,0.0,1335.8465954161406,0.0,0.0,0.0,7290.3503578266345,0.0,0.0,0.0,5065.876788358045,0.0,0.0,1904.1858093300257,63933.13182474836,0.2,6393.313182473107
281.0,0.0,0.0,18994557.0,231711.41806698046,0.0,0.0,2450.928451415892,0.0,0.0,0.0,8570.603443681286,-4.440892098500626e-16,0.0,0.0,6580.454880568652,-8.881784197001252e-16,0.0,0.0,13837.43098363868,-4.440892098500626e-16,0.0,0.0,8498.711920701882,8.881784197001252e-16,0.0,0.0,5506.621894253747,-2.220446049250313e-16,0.0,0.0,4796.3065088873955,-2.220446049250313e-16,0.0,0.0,1335.8465954161406,0.0,0.0,0.0,7290.3503578266345,0.0,0.0,0.0,5065.876788358045,0.0,0.0,1904.1858093300257,63933.13182474836,0.0,6393.313182473107
282.0,0.0,0.0,18994557.0,231711.41806698046,0.0,0.0,2450.928451415892,0.0,0.0,0.0,8570.603443681286,-4.440892098500626e-16,0.0,0.0,6580.454880568652,-8.881784197001252e-16,0.0,0.0,13837.43098363868,-4.440892098500626e-16,0.0,0.0,8498.711920701882,8.881784197001252e-16,0.0,0.0,5506.621894253747,-2.220446049250313e-16,0.0,0.0,4796.3065088873955,-2.220446049250313e-16,0.0,0.0,1335.8465954161406,0.0,0.0,0.0,7290.3503578266345,0.0,0.0,0.0,5065.876788358045,0.0,0.0,1904.1858093300257,63933.13182474836,0.0,6393.313182473107
283.0,0.0,0.0,18994557.0,231711.41806698046,0.0,0.0,2450.928451415892,0.0,0.0,0.0,8570.603443681286,-4.440892098500626e-16,0.0,0.0,6580.454880568652,-8.881784197001252e-16,0.0,0.0,13837.43098363868,-4.440892098500626e-16,0.0,0.0,8498.711920701882,8.881784197001252e-16,0.0,0.0,5506.621894253747,-2.220446049250313e-16,0.0,0.0,4796.3065088873955,-2.220446049250313e-16,0.0,0.0,1335.8465954161406,0.0,0.0,0.0,7290.3503578266345,0.0,0.0,0.0,5065.876788358045,0.0,0.0,1904.1858093300257,63933.13182474836,0.0,6393.313182473107
284.0,1.0,0.022222222222222223,18994558.0,231711.4402892027,0.0,0.0,2450.928451415892,0.0,0.0,0.0,8570.603443681286,-4.440892098500626e-16,0.0,0.0,6580.454880568652,-8.881784197001252e-16,0.0,0.0,13837.43098363868,-4.440892098500626e-16,0.0,0.0,8498.711920701882,8.881784197001252e-16,0.0,0.0,5506.621894253747,-2.220446049250313e-16,0.0,0.0,4796.3065088873955,-2.220446049250313e-16,0.0,0.0,1335.8465954161406,0.0,0.0,0.0,7290.3503578266345,0.0,0.0,0.0,5065.876788358045,0.0,0.0,1904.1858093300257,63933.13182474836,0.0,6393.313182473107
285.0,2.0,0.044444444444444446,18994560.0,231711.48473364714,0.0,0.0,2450.928451415892,0.0,0.0,1.7790997556822246,8572.382543436968,1.7790997556822241,0.0,0.0,6580.454880568652,-8.881784197001252e-16,0.0,0.0,13837.43098363868,-4.440892098500626e-16,0.0,0.0,8498.711920701882,8.881784197001252e-16,0.0,0.0,5506.621894253747,-2.220446049250313e-16,0.0,0.0,4796.3065088873955,-2.220446049250313e-16,0.0,0.0,1335.8465954161406,0.0,0.0,0.0,7290.3503578266345,0.0,0.0,0.0,5065.876788358045,0.0,0.0,1904.1858093300257,63934.91092450403,0.17790997556822247,6393.491092448676
286.0,3.0,0.06666666666666667,18994563.0,231711.55140031382,0.0,0.0,2450.928451415892,0.0,0.0,0.0,8572.382543436968,-4.440892098500626e-16,0.0,0.0,6580.454880568652,-8.881784197001252e-16,0.0,0.0,13837.43098363868,-4.440892098500626e-16,0.0,2.0,8500.711920701882,2.000000000000001,0.0,0.0,5506.621894253747,-2.220446049250313e-16,0.0,0.0,4796.3065088873955,-2.220446049250313e-16,0.0,0.0,1335.8465954161406,0.0,0.0,0.0,7290.3503578266345,0.0,0.0,0.0,5065.876788358045,0.0,0.0,1904.1858093300257,63936.91092450403,0.2,6393.691092448676
287.0,0.0,0.0,18994563.0,231711.55140031382,0.0,0.0,2450.928451415892,0.0,0.0,0.0,8572.382543436968,-4.440892098500626e-16,0.0,0.0,6580.454880568652,-8.881784197001252e-16,0.0,0.0,13837.43098363868,-4.440892098500626e-16,0.0,0.0,8500.711920701882,8.881784197001252e-16,0.0,2.0,5508.621894253747,1.9999999999999998,0.0,0.0,4796.3065088873955,-2.220446049250313e-16,0.0,0.0,1335.8465954161406,0.0,0.0,0.0,7290.3503578266345,0.0,0.0,0.0,5065.876788358045,0.0,0.0,1904.1858093300257,63938.91092450403,0.2,6393.891092448675
288.0,0.0,0.0,18994563.0,231711.55140031382,0.0,0.0,2450.928451415892,0.0,0.0,0.0,8572.382543436968,-4.440892098500626e-16,0.0,0.0,6580.454880568652,-8.881784197001252e-16,0.0,0.0,13837.43098363868,-4.440892098500626e-16,0.0,0.0,8500.711920701882,8.881784197001252e-16,0.0,0.0,5508.621894253747,-2.220446049250313e-16,0.0,1.9869544248882536,4798.293463312284,1.9869544248882534,0.0,0.0,1335.8465954161406,0.0,0.0,0.0,7290.3503578266345,0.0,0.0,0.0,5065.876788358045,0.0,0.0,1904.1858093300257,63940.897878928925,0.19869544248882537,6394.089787891165
289.0,0.0,0.0,18994563.0,231711.55140031382,0.0,0.0,2450.928451415892,0.0,0.0,0.0,8572.382543436968,-4.440892098500626e-16,0.0,0.0,6580.454880568652,-8.881784197001252e-16,0.0,2.0,13839.43098363868,1.9999999999999996,0.0,0.0,8500.711920701882,8.881784197001252e-16,0.0,0.0,5508.621894253747,-2.220446049250313e-16,0.0,0.0,4798.293463312284,-2.220446049250313e-16,0.0,0.0,1335.8465954161406,0.0,0.0,0.0,7290.3503578266345,0.0,0.0,0.0,5065.876788358045,0.0,0.0,1904.1858093300257,63942.897878928925,0.2,6394.289787891164
290.0,0.0,0.0,18994563.0,231711.55140031382,0.0,0.0,2450.928451415892,0.0,0.0,0.0,8572.382543436968,-4.440892098500626e-16,0.0,0.0,6580.454880568652,-8.881784197001252e-16,0.0,2.0,13841.43098363868,1.9999999999999996,0.0,0.0,8500.711920701882,8.881784197001252e-16,0.0,0.0,5508.621894253747,-2.220446049250313e-16,0.0,2.0,4800.293463312284,1.9999999999999998,0.0,0.0,1335.8465954161406,0.0,0.0,0.0,7290.3503578266345,0.0,0.0,0.0,5065.876788358045,0.0,0.0,1904.1858093300257,63946.897878928925,0.4,6394.689787891164
291.0,0.0,0.0,18994563.0,231711.55140031382,0.0,0.0,2450.928451415892,0.0,0.0,0.0,8572.382543436968,-4.440892098500626e-16,0.0,0.0,6580.454880568652,-8.881784197001252e-16,0.0,2.0,13843.43098363868,1.9999999999999996,0.0,0.0,8500.711920701882,8.881784197001252e-16,0.0,0.0,5508.621894253747,-2.220446049250313e-16,0.0,0.0,4800.293463312284,-2.220446049250313e-16,0.0,0.0,1335.8465954161406,0.0,0.0,0.0,7290.3503578266345,0.0,0.0,0.0,5065.876788358045,0.0,0.0,1904.1858093300257,63948.897878928925,0.2,6394.889787891164
292.0,0.0,0.0,18994563.0,231711.55140031382,0.0,0.0,2450.928451415892,0.0,0.0,0.0,8572.382543436968,-4.440892098500626e-16,0.0,0.0,6580.454880568652,-8.881784197001252e-16,0.0,0.0,13843.43098363868,-4.440892098500626e-16,0.0,0.0,8500.711920701882,8.881784197001252e-16,0.0,0.0,5508.621894253747,-2.220446049250313e-16,0.0,0.0,4800.293463312284,-2.220446049250313e-16,0.0,0.0,1335.8465954161406,0.0,0.0,0.0,7290.3503578266345,0.0,0.0,0.0,5065.876788358045,0.0,0.0,1904.1858093300257,63948.897878928925,0.0,6394.889787891164
293.0,0.0,0.0,18994563.0,231711.55140031382,0.0,0.0,2450.928451415892,0.0,0.0,0.0,8572.382543436968,-4.440892098500626e-16,0.0,0.0,6580.454880568652,-8.881784197001252e-16,0.0,0.0,13843.43098363868,-4.440892098500626e-16,0.0,0.0,8500.711920701882,8.881784197001252e-16,0.0,0.0,5508.621894253747,-2.220446049250313e-16,0.0,0.0,4800.293463312284,-2.220446049250313e-16,0.0,0.0,1335.8465954161406,0.0,0.0,0.0,7290.3503578266345,0.0,0.0,0.0,5065.876788358045,0.0,0.0,1904.1858093300257,63948.897878928925,0.0,6394.889787891164
294.0,1.0,0.022222222222222223,18994564.0,231711.57362253606,0.0,0.0,2450.928451415892,0.0,0.0,0.0,8572.382543436968,-4.440892098500626e-16,0.0,0.0,6580.454880568652,-8.881784197001252e-16,0.0,0.0,13843.43098363868,-4.440892098500626e-16,0.0,0.0,8500.711920701882,8.881784197001252e-16,0.0,0.0,5508.621894253747,-2.220446049250313e-16,0.0,0.0,4800.293463312284,-2.220446049250313e-16,0.0,0.0,1335.8465954161406,0.0,0.0,2.0,7292.3503578266345,2.0,0.0,0.0,5065.876788358045,0.0,0.0,1904.1858093300257,63950.897878928925,0.2,6395.089787891164
295.0,2.0,0.046511627906976744,18994566.0,231711.62013416397,0.0,0.0,2450.928451415892,0.0,0.0,0.0,8572.382543436968,-4.440892098500626e-16,0.0,0.0,6580.454880568652,-8.881784197001252e-16,0.0,0.0,13843.43098363868,-4.440892098500626e-16,0.0,0.0,8500.711920701882,8.881784197001252e-16,0.0,0.0,5508.621894253747,-2.220446049250313e-16,0.0,0.0,4800.293463312284,-2.220446049250313e-16,0.0,0.0,1335.8465954161406,0.0,0.0,0.0,7292.3503578266345,0.0,0.0,0.0,5065.876788358045,0.0,0.0,1904.1858093300257,63950.897878928925,0.0,6395.089787891164
296.0,4.0,0.09523809523809523,18994570.0,231711.7153722592,0.0,0.0,2450.928451415892,0.0,0.0,0.0,8572.382543436968,-4.440892098500626e-16,0.0,0.0,6580.454880568652,-8.881784197001252e-16,0.0,0.0,13843.43098363868,-4.440892098500626e-16,0.0,0.0,8500.711920701882,8.881784197001252e-16,0.0,0.0,5508.621894253747,-2.220446049250313e-16,0.0,0.0,4800.293463312284,-2.220446049250313e-16,0.0,1.0133358893264475,1336.8599313054672,1.0133358893264475,0.0,0.0,7292.3503578266345,0.0,0.0,2.0,5067.876788358045,2.0,0.0,1904.1858093300257,63953.91121481825,0.3013335889326448,6395.391121480096
297.0,1.0,0.025,18994571.0,231711.7403722592,0.0,0.0,2450.928451415892,0.0,0.0,0.0,8572.382543436968,-4.440892098500626e-16,0.0,0.0,6580.454880568652,-8.881784197001252e-16,0.0,0.0,13843.43098363868,-4.440892098500626e-16,0.0,0.0,8500.711920701882,8.881784197001252e-16,0.0,0.0,5508.621894253747,-2.220446049250313e-16,0.0,0.0,4800.293463312284,-2.220446049250313e-16,0.0,0.0,1336.8599313054672,0.0,0.0,0.0,7292.3503578266345,0.0,0.0,0.0,5067.876788358045,0.0,0.0,1904.1858093300257,63953.91121481825,0.0,6395.391121480096
298.0,3.0,0.07692307692307693,18994574.0,231711.81729533614,0.0,0.0,2450.928451415892,0.0,0.0,0.0,8572.382543436968,-4.440892098500626e-16,0.0,0.0,6580.454880568652,-8.881784197001252e-16,0.0,0.0,13843.43098363868,-4.440892098500626e-16,0.0,0.0,8500.711920701882,8.881784197001252e-16,0.0,0.0,5508.621894253747,-2.220446049250313e-16,0.0,0.0,4800.293463312284,-2.220446049250313e-16,0.0,0.0,1336.8599313054672,0.0,0.0,0.0,7292.3503578266345,0.0,0.0,0.0,5067.876788358045,0.0,0.0,1904.1858093300257,63953.91121481825,0.0,6395.391121480096
299.0,3.0,0.07692307692307693,18994577.0,231711.89421841307,0.0,0.0,2450.928451415892,0.0,0.0,0.0,8572.382543436968,-4.440892098500626e-16,0.0,0.0,6580.454880568652,-8.881784197001252e-16,0.0,2.0,13845.43098363868,1.9999999999999996,0.0,0.0,8500.711920701882,8.881784197001252e-16,0.0,0.0,5508.621894253747,-2.220446049250313e-16,0.0,0.0,4800.293463312284,-2.220446049250313e-16,0.0,0.0,1336.8599313054672,0.0,0.0,0.0,7292.3503578266345,0.0,0.0,0.0,5067.876788358045,0.0,0.0,1904.1858093300257,63955.91121481825,0.2,6395.591121480096
300.0,4.0,0.10526315789473684,18994581.0,231711.99948157097,0.0,0.0,2450.928451415892,0.0,0.0,0.0,8572.382543436968,-4.440892098500626e-16,0.0,0.0,6580.454880568652,-8.881784197001252e-16,0.0,0.0,13845.43098363868,-4.440892098500626e-16,0.0,0.0,8500.711920701882,8.881784197001252e-16,0.0,0.0,5508.621894253747,-2.220446049250313e-16,0.0,0.0,4800.293463312284,-2.220446049250313e-16,0.0,0.0,1336.8599313054672,0.0,0.0,0.0,7292.3503578266345,0.0,0.0,0.0,5067.876788358045,0.0,0.0,1904.1858093300257,63955.91121481825,0.0,6395.591121480096
301.0,5.0,0.1111111111111111,18994586.0,231712.1105926821,0.0,0.0,2450.928451415892,0.0,0.0,0.0,8572.382543436968,-4.440892098500626e-16,0.0,0.0,6580.454880568652,-8.881784197001252e-16,0.0,0.0,13845.43098363868,-4.440892098500626e-16,0.0,0.0,8500.711920701882,8.881784197001252e-16,0.0,0.0,5508.621894253747,-2.220446049250313e-16,0.0,0.0,4800.293463312284,-2.220446049250313e-16,0.0,0.0,1336.8599313054672,0.0,0.0,0.0,7292.3503578266345,0.0,0.0,0.0,5067.876788358045,0.0,0.0,1904.1858093300257,63955.91121481825,0.0,6395.591121480096
302.0,6.0,0.13333333333333333,18994592.0,231712.24392601542,0.0,0.0,2450.928451415892,0.0,0.0,2.0,8574.382543436968,1.9999999999999996,0.0,0.0,6580.454880568652,-8.881784197001252e-16,0.0,0.0,13845.43098363868,-4.440892098500626e-16,0.0,0.0,8500.711920701882,8.881784197001252e-16,0.0,2.0,5510.621894253747,1.9999999999999998,0.0,0.0,4800.293463312284,-2.220446049250313e-16,0.0,0.0,1336.8599313054672,0.0,0.0,0.0,7292.3503578266345,0.0,0.0,0.0,5067.876788358045,0.0,0.0,1904.1858093300257,63959.91121481825,0.4,6395.991121480096
303.0,7.0,0.15555555555555556,18994599.0,231712.399481571,0.0,0.0,2450.928451415892,0.0,0.0,0.0,8574.382543436968,-4.440892098500626e-16,0.0,0.0,6580.454880568652,-8.881784197001252e-16,0.0,0.0,13845.43098363868,-4.440892098500626e-16,0.0,0.0,8500.711920701882,8.881784197001252e-16,0.0,0.0,5510.621894253747,-2.220446049250313e-16,0.0,0.0,4800.293463312284,-2.220446049250313e-16,0.0,0.0,1336.8599313054672,0.0,0.0,0.0,7292.3503578266345,0.0,0.0,0.0,5067.876788358045,0.0,0.0,1904.1858093300257,63959.91121481825,0.0,6395.991121480096
304.0,8.0,0.17777777777777778,18994607.0,231712.57725934876,0.0,0.0,2450.928451415892,0.0,0.0,2.0,8576.382543436968,1.9999999999999996,0.0,0.0,6580.454880568652,-8.881784197001252e-16,0.0,0.0,13845.43098363868,-4.440892098500626e-16,0.0,0.0,8500.711920701882,8.881784197001252e-16,0.0,0.0,5510.621894253747,-2.220446049250313e-16,0.0,0.0,4800.293463312284,-2.220446049250313e-16,0.0,0.0,1336.8599313054672,0.0,0.0,0.0,7292.3503578266345,0.0,0.0,0.0,5067.876788358045,0.0,0.0,1904.1858093300257,63961.91121481825,0.2,6396.191121480096
305.0,9.0,0.2,18994616.0,231712.77725934878,0.0,0.0,2450.928451415892,0.0,0.0,0.0,8576.382543436968,-4.440892098500626e-16,0.0,2.0,6582.454880568652,1.9999999999999991,0.0,0.0,13845.43098363868,-4.440892098500626e-16,0.0,0.0,8500.711920701882,8.881784197001252e-16,0.0,0.0,5510.621894253747,-2.220446049250313e-16,0.0,0.0,4800.293463312284,-2.220446049250313e-16,0.0,0.0,1336.8599313054672,0.0,0.0,0.0,7292.3503578266345,0.0,0.0,0.0,5067.876788358045,0.0,0.0,1904.1858093300257,63963.91121481825,0.2,6396.3911214800955
306.0,0.0,0.0,18994616.0,231712.77725934878,0.0,0.0,2450.928451415892,0.0,0.0,0.0,8576.382543436968,-4.440892098500626e-16,0.0,0.0,6582.454880568652,-8.881784197001252e-16,0.0,0.0,13845.43098363868,-4.440892098500626e-16,0.0,0.0,8500.711920701882,8.881784197001252e-16,0.0,0.0,5510.621894253747,-2.220446049250313e-16,0.0,0.0,4800.293463312284,-2.220446049250313e-16,0.0,0.0,1336.8599313054672,0.0,0.0,0.0,7292.3503578266345,0.0,0.0,0.0,5067.876788358045,0.0,0.0,1904.1858093300257,63963.91121481825,0.0,6396.3911214800955
307.0,0.0,0.0,18994616.0,231712.77725934878,0.0,2.0,2452.928451415892,2.0,0.0,0.0,8576.382543436968,-4.440892098500626e-16,0.0,0.0,6582.454880568652,-8.881784197001252e-16,0.0,0.0,13845.43098363868,-4.440892098500626e-16,0.0,0.0,8500.711920701882,8.881784197001252e-16,0.0,0.0,5510.621894253747,-2.220446049250313e-16,0.0,2.0,4802.293463312284,1.9999999999999998,0.0,0.0,1336.8599313054672,0.0,0.0,0.0,7292.3503578266345,0.0,0.0,0.0,5067.876788358045,0.0,0.0,1904.1858093300257,63967.91121481825,0.4,6396.791121480095
308.0,0.0,0.0,18994616.0,231712.77725934878,0.0,0.0,2452.928451415892,0.0,0.0,0.0,8576.382543436968,-4.440892098500626e-16,0.0,0.0,6582.454880568652,-8.881784197001252e-16,0.0,0.0,13845.43098363868,-4.440892098500626e-16,0.0,0.0,8500.711920701882,8.881784197001252e-16,0.0,0.0,5510.621894253747,-2.220446049250313e-16,0.0,0.0,4802.293463312284,-2.220446049250313e-16,0.0,0.0,1336.8599313054672,0.0,0.0,0.0,7292.3503578266345,0.0,0.0,0.0,5067.876788358045,0.0,0.0,1904.1858093300257,63967.91121481825,0.0,6396.791121480095
309.0,0.0,0.0,18994616.0,231712.77725934878,0.0,0.0,2452.928451415892,0.0,0.0,0.0,8576.382543436968,-4.440892098500626e-16,0.0,0.0,6582.454880568652,-8.881784197001252e-16,0.0,0.0,13845.43098363868,-4.440892098500626e-16,0.0,0.0,8500.711920701882,8.881784197001252e-16,0.0,0.0,5510.621894253747,-2.220446049250313e-16,0.0,0.0,4802.293463312284,-2.220446049250313e-16,0.0,0.0,1336.8599313054672,0.0,0.0,0.0,7292.3503578266345,0.0,0.0,0.0,5067.876788358045,0.0,0.0,1904.1858093300257,63967.91121481825,0.0,6396.791121480095
310.0,1.0,0.023255813953488372,18994617.0,231712.80051516273,0.0,0.0,2452.928451415892,0.0,0.0,0.0,8576.382543436968,-4.440892098500626e-16,0.0,0.0,6582.454880568652,-8.881784197001252e-16,0.0,2.0,13847.43098363868,1.9999999999999996,0.0,0.0,8500.711920701882,8.881784197001252e-16,0.0,0.0,5510.621894253747,-2.220446049250313e-16,0.0,0.0,4802.293463312284,-2.220446049250313e-16,0.0,0.0,1336.8599313054672,0.0,0.0,0.0,7292.3503578266345,0.0,0.0,0.0,5067.876788358045,0.0,0.0,1904.1858093300257,63969.91121481825,0.2,6396.991121480095
311.0,2.0,0.046511627906976744,18994619.0,231712.84702679064,0.0,0.0,2452.928451415892,0.0,0.0,0.0,8576.382543436968,-4.440892098500626e-16,0.0,2.0,6584.454880568652,1.9999999999999991,0.0,0.0,13847.43098363868,-4.440892098500626e-16,0.0,0.3439399266023394,8501.055860628485,0.3439399266023403,0.0,2.0,5512.621894253747,1.9999999999999998,0.0,0.0,4802.293463312284,-2.220446049250313e-16,0.0,0.0,1336.8599313054672,0.0,0.0,0.0,7292.3503578266345,0.0,0.0,0.0,5067.876788358045,0.0,0.0,1904.1858093300257,63974.255154744846,0.43439399266023393,6397.425515472755
312.0,3.0,0.06976744186046512,18994622.0,231712.9167942325,0.0,0.0,2452.928451415892,0.0,0.0,0.0,8576.382543436968,-4.440892098500626e-16,0.0,0.0,6584.454880568652,-8.881784197001252e-16,0.0,2.0,13849.43098363868,1.9999999999999996,0.0,0.0,8501.055860628485,8.881784197001252e-16,0.0,0.0,5512.621894253747,-2.220446049250313e-16,0.0,0.0,4802.293463312284,-2.220446049250313e-16,0.0,0.0,1336.8599313054672,0.0,0.0,2.0,7294.3503578266345,2.0,0.0,0.0,5067.876788358045,0.0,0.0,1904.1858093300257,63978.255154744846,0.4,6397.825515472755
313.0,4.0,0.09302325581395349,18994626.0,231713.00981748832,0.0,0.0,2452.928451415892,0.0,0.0,0.0,8576.382543436968,-4.440892098500626e-16,0.0,0.0,6584.454880568652,-8.881784197001252e-16,0.0,-1.05,13848.38098363868,-1.0500000000000003,0.0,2.0,8503.055860628485,2.000000000000001,0.0,0.0,5512.621894253747,-2.220446049250313e-16,0.0,0.0,4802.293463312284,-2.220446049250313e-16,0.0,0.0,1336.8599313054672,0.0,0.0,0.0,7294.3503578266345,0.0,0.0,0.0,5067.876788358045,0.0,0.0,1905.2358093300256,63979.20515474485,0.095,6397.920515472755
314.0,5.0,0.11627906976744186,18994631.0,231713.1260965581,0.0,0.0,2452.928451415892,0.0,0.0,0.0,8576.382543436968,-4.440892098500626e-16,0.0,0.0,6584.454880568652,-8.881784197001252e-16,0.0,0.0,13848.38098363868,-2.220446049250313e-16,0.0,0.0,8503.055860628485,8.881784197001252e-16,0.0,0.0,5512.621894253747,-2.220446049250313e-16,0.0,0.0,4802.293463312284,-2.220446049250313e-16,0.0,0.0,1336.8599313054672,0.0,0.0,0.0,7294.3503578266345,0.0,0.0,0.0,5067.876788358045,0.0,0.0,1905.2358093300256,63979.20515474485,0.0,6397.920515472755
315.0,6.0,0.14634146341463414,18994637.0,231713.2724380215,0.0,0.0,2452.928451415892,0.0,0.0,0.0,8576.382543436968,-4.440892098500626e-16,0.0,0.0,6584.454880568652,-8.881784197001252e-16,0.0,0.0,13848.38098363868,-2.220446049250313e-16,0.0,0.0,8503.055860628485,8.881784197001252e-16,0.0,0.0,5512.621894253747,-2.220446049250313e-16,0.0,0.0,4802.293463312284,-2.220446049250313e-16,0.0,0.0,1336.8599313054672,0.0,0.0,0.0,7294.3503578266345,0.0,0.0,0.0,5067.876788358045,0.0,0.0,1905.2358093300256,63979.20515474485,0.0,6397.920515472755
316.0,0.0,0.0,18994637.0,231713.2724380215,0.0,0.0,2452.928451415892,0.0,0.0,0.0,8576.382543436968,-4.440892098500626e-16,0.0,0.0,6584.454880568652,-8.881784197001252e-16,0.0,0.0,13848.38098363868,-2.220446049250313e-16,0.0,0.0,8503.055860628485,8.881784197001252e-16,0.0,0.0,5512.621894253747,-2.220446049250313e-16,0.0,0.0,4802.293463312284,-2.220446049250313e-16,0.0,0.0,1336.8599313054672,0.0,0.0,0.0,7294.3503578266345,0.0,0.0,0.0,5067.876788358045,0.0,0.0,1905.2358093300256,63979.20515474485,0.0,6397.920515472755
317.0,0.0,0.0,18994637.0,231713.2724380215,0.0,0.0,2452.928451415892,0.0,0.0,0.0,8576.382543436968,-4.440892098500626e-16,0.0,0.0,6584.454880568652,-8.881784197001252e-16,0.0,0.0,13848.38098363868,-2.220446049250313e-16,0.0,0.0,8503.055860628485,8.881784197001252e-16,0.0,0.0,5512.621894253747,-2.220446049250313e-16,0.0,0.0,4802.293463312284,-2.220446049250313e-16,0.0,0.0,1336.8599313054672,0.0,0.0,0.0,7294.3503578266345,0.0,0.0,0.0,5067.876788358045,0.0,0.0,1905.2358093300256,63979.20515474485,0.0,6397.920515472755
318.0,0.0,0.0,18994637.0,231713.2724380215,0.0,0.0,2452.928451415892,0.0,0.0,0.0,8576.382543436968,-4.440892098500626e-16,0.0,0.0,6584.454880568652,-8.881784197001252e-16,0.0,0.0,13848.38098363868,-2.220446049250313e-16,0.0,0.0,8503.055860628485,8.881784197001252e-16,0.0,0.0,5512.621894253747,-2.220446049250313e-16,0.0,0.0,4802.293463312284,-2.220446049250313e-16,0.0,0.0,1336.8599313054672,0.0,0.0,0.0,7294.3503578266345,0.0,0.0,0.0,5067.876788358045,0.0,0.0,1905.2358093300256,63979.20515474485,0.0,6397.920515472755
319.0,1.0,0.025,18994638.0,231713.2974380215,0.0,0.0,2452.928451415892,0.0,0.0,0.0,8576.382543436968,-4.440892098500626e-16,0.0,0.0,6584.454880568652,-8.881784197001252e-16,0.0,0.0,13848.38098363868,-2.220446049250313e-16,0.0,0.0,8503.055860628485,8.881784197001252e-16,0.0,0.0,5512.621894253747,-2.220446049250313e-16,0.0,0.0,4802.293463312284,-2.220446049250313e-16,0.0,0.0,1336.8599313054672,0.0,0.0,0.0,7294.3503578266345,0.0,0.0,0.0,5067.876788358045,0.0,0.0,1905.2358093300256,63979.20515474485,0.0,6397.920515472755
320.0,2.0,0.05,18994640.0,231713.34743802148,0.0,0.0,2452.928451415892,0.0,0.0,0.0,8576.382543436968,-4.440892098500626e-16,0.0,0.0,6584.454880568652,-8.881784197001252e-16,0.0,1.0744470004375586,13849.455430639118,1.0744470004375584,0.0,0.0,8503.055860628485,8.881784197001252e-16,0.0,0.0,5512.621894253747,-2.220446049250313e-16,0.0,0.0,4802.293463312284,-2.220446049250313e-16,0.0,0.0,1336.8599313054672,0.0,0.0,0.0,7294.3503578266345,0.0,0.0,0.0,5067.876788358045,0.0,0.0,1905.2358093300256,63980.279601745286,0.10744470004375586,6398.027960172799
321.0,0.0,0.0,18994640.0,231713.34743802148,0.0,0.0,2452.928451415892,0.0,0.0,0.0,8576.382543436968,-4.440892098500626e-16,0.0,0.0,6584.454880568652,-8.881784197001252e-16,0.0,0.0,13849.455430639118,-2.220446049250313e-16,0.0,0.0,8503.055860628485,8.881784197001252e-16,0.0,0.0,5512.621894253747,-2.220446049250313e-16,0.0,0.0,4802.293463312284,-2.220446049250313e-16,0.0,0.0,1336.8599313054672,0.0,0.0,0.0,7294.3503578266345,0.0,0.0,0.0,5067.876788358045,0.0,0.0,1905.2358093300256,63980.279601745286,0.0,6398.027960172799
322.0,1.0,0.025,18994641.0,231713.37243802147,0.0,0.0,2452.928451415892,0.0,0.0,0.0,8576.382543436968,-4.440892098500626e-16,0.0,0.0,6584.454880568652,-8.881784197001252e-16,0.0,0.0,13849.455430639118,-2.220446049250313e-16,0.0,0.0,8503.055860628485,8.881784197001252e-16,0.0,0.0,5512.621894253747,-2.220446049250313e-16,0.0,0.0,4802.293463312284,-2.220446049250313e-16,0.0,0.0,1336.8599313054672,0.0,0.0,0.0,7294.3503578266345,0.0,0.0,0.0,5067.876788358045,0.0,0.0,1905.2358093300256,63980.279601745286,0.0,6398.027960172799
323.0,0.0,0.0,18994641.0,231713.37243802147,0.0,0.0,2452.928451415892,0.0,0.0,0.0,8576.382543436968,-4.440892098500626e-16,0.0,0.0,6584.454880568652,-8.881784197001252e-16,0.0,0.0,13849.455430639118,-2.220446049250313e-16,0.0,0.0,8503.055860628485,8.881784197001252e-16,0.0,0.0,5512.621894253747,-2.220446049250313e-16,0.0,0.0,4802.293463312284,-2.220446049250313e-16,0.0,0.0,1336.8599313054672,0.0,0.0,0.0,7294.3503578266345,0.0,0.0,0.0,5067.876788358045,0.0,0.0,1905.2358093300256,63980.279601745286,0.0,6398.027960172799
324.0,1.0,0.025,18994642.0,231713.39743802146,0.0,0.0,2452.928451415892,0.0,0.0,0.0,8576.382543436968,-4.440892098500626e-16,0.0,0.0,6584.454880568652,-8.881784197001252e-16,0.0,0.0,13849.455430639118,-2.220446049250313e-16,0.0,0.0,8503.055860628485,8.881784197001252e-16,0.0,0.0,5512.621894253747,-2.220446049250313e-16,0.0,2.0,4804.293463312284,1.9999999999999998,0.0,0.0,1336.8599313054672,0.0,0.0,2.0,7296.3503578266345,2.0,0.0,0.0,5067.876788358045,0.0,0.0,1905.2358093300256,63984.279601745286,0.4,6398.4279601727985
325.0,0.0,0.0,18994642.0,231713.39743802146,0.0,0.0,2452.928451415892,0.0,0.0,0.0,8576.382543436968,-4.440892098500626e-16,0.0,0.0,6584.454880568652,-8.881784197001252e-16,0.0,0.0,13849.455430639118,-2.220446049250313e-16,0.0,0.0,8503.055860628485,8.881784197001252e-16,0.0,0.0,5512.621894253747,-2.220446049250313e-16,0.0,0.0,4804.293463312284,-2.220446049250313e-16,0.0,0.0,1336.8599313054672,0.0,0.0,0.0,7296.3503578266345,0.0,0.0,0.0,5067.876788358045,0.0,0.0,1905.2358093300256,63984.279601745286,0.0,6398.4279601727985
326.0,1.0,0.025,18994643.0,231713.42243802146,0.0,0.0,2452.928451415892,0.0,0.0,0.0,8576.382543436968,-4.440892098500626e-16,0.0,0.0,6584.454880568652,-8.881784197001252e-16,0.0,0.0,13849.455430639118,-2.220446049250313e-16,0.0,0.0,8503.055860628485,8.881784197001252e-16,0.0,0.0,5512.621894253747,-2.220446049250313e-16,0.0,2.0,4806.293463312284,1.9999999999999998,0.0,2.0,1338.8599313054672,2.0,0.0,0.0,7296.3503578266345,0.0,0.0,2.0,5069.876788358045,2.0,0.0,1905.2358093300256,63990.279601745286,0.6,6399.027960172799
327.0,2.0,0.05,18994645.0,231713.47243802145,0.0,0.0,2452.928451415892,0.0,0.0,0.0,8576.382543436968,-4.440892098500626e-16,0.0,0.0,6584.454880568652,-8.881784197001252e-16,0.0,0.0,13849.455430639118,-2.220446049250313e-16,0.0,0.0,8503.055860628485,8.881784197001252e-16,0.0,0.0,5512.621894253747,-2.220446049250313e-16,0.0,0.0,4806.293463312284,-2.220446049250313e-16,0.0,0.0,1338.8599313054672,0.0,0.0,0.0,7296.3503578266345,0.0,0.0,0.0,5069.876788358045,0.0,0.0,1905.2358093300256,63990.279601745286,0.0,6399.027960172799
328.0,3.0,0.075,18994648.0,231713.54743802146,0.0,0.0,2452.928451415892,0.0,0.0,0.0,8576.382543436968,-4.440892098500626e-16,0.0,0.0,6584.454880568652,-8.881784197001252e-16,0.0,0.0,13849.455430639118,-2.220446049250313e-16,0.0,2.0,8505.055860628485,2.000000000000001,0.0,0.0,5512.621894253747,-2.220446049250313e-16,0.0,0.0,4806.293463312284,-2.220446049250313e-16,0.0,0.0,1338.8599313054672,0.0,0.0,0.0,7296.3503578266345,0.0,0.0,0.0,5069.876788358045,0.0,0.0,1905.2358093300256,63992.279601745286,0.2,6399.227960172799
329.0,4.0,0.1,18994652.0,231713.64743802146,0.0,0.0,2452.928451415892,0.0,0.0,0.0,8576.382543436968,-4.440892098500626e-16,0.0,0.0,6584.454880568652,-8.881784197001252e-16,0.0,0.0,13849.455430639118,-2.220446049250313e-16,0.0,0.0,8505.055860628485,8.881784197001252e-16,0.0,0.0,5512.621894253747,-2.220446049250313e-16,0.0,0.0,4806.293463312284,-2.220446049250313e-16,0.0,0.0,1338.8599313054672,0.0,0.0,0.0,7296.3503578266345,0.0,0.0,0.0,5069.876788358045,0.0,0.0,1905.2358093300256,63992.279601745286,0.0,6399.227960172799
330.0,5.0,0.125,18994657.0,231713.77243802146,0.0,0.0,2452.928451415892,0.0,0.0,0.0,8576.382543436968,-4.440892098500626e-16,0.0,0.0,6584.454880568652,-8.881784197001252e-16,0.0,0.0,13849.455430639118,-2.220446049250313e-16,0.0,0.0,8505.055860628485,8.881784197001252e-16,0.0,0.0,5512.621894253747,-2.220446049250313e-16,0.0,0.0,4806.293463312284,-2.220446049250313e-16,0.0,0.0,1338.8599313054672,0.0,0.0,0.0,7296.3503578266345,0.0,0.0,0.0,5069.876788358045,0.0,0.0,1905.2358093300256,63992.279601745286,0.0,6399.227960172799
331.0,1.0,0.02127659574468085,18994658.0,231713.7937146172,0.0,0.0,2452.928451415892,0.0,0.0,0.0,8576.382543436968,-4.440892098500626e-16,0.0,0.0,6584.454880568652,-8.881784197001252e-16,0.0,0.0,13849.455430639118,-2.220446049250313e-16,0.0,0.0,8505.055860628485,8.881784197001252e-16,0.0,0.0,5512.621894253747,-2.220446049250313e-16,0.0,0.0,4806.293463312284,-2.220446049250313e-16,0.0,0.0,1338.8599313054672,0.0,0.0,0.0,7296.3503578266345,0.0,0.0,0.0,5069.876788358045,0.0,0.0,1905.2358093300256,63992.279601745286,0.0,6399.227960172799
332.0,2.0,0.0425531914893617,18994660.0,231713.83626780869,0.0,0.0,2452.928451415892,0.0,0.0,1.075,8577.457543436969,1.0749999999999995,0.0,0.0,6584.454880568652,-8.881784197001252e-16,0.0,0.0,13849.455430639118,-2.220446049250313e-16,0.0,0.0,8505.055860628485,8.881784197001252e-16,0.0,2.0,5514.621894253747,1.9999999999999998,0.0,0.0,4806.293463312284,-2.220446049250313e-16,0.0,0.0,1338.8599313054672,0.0,0.0,0.0,7296.3503578266345,0.0,0.0,0.0,5069.876788358045,0.0,0.0,1905.2358093300256,63995.35460174529,0.3075,6399.535460172799
333.0,3.0,0.06382978723404255,18994663.0,231713.9000975959,0.0,0.0,2452.928451415892,0.0,0.0,0.0,8577.457543436969,-4.440892098500626e-16,0.0,0.0,6584.454880568652,-8.881784197001252e-16,0.0,0.0,13849.455430639118,-2.220446049250313e-16,0.0,0.0,8505.055860628485,8.881784197001252e-16,0.0,0.0,5514.621894253747,-2.220446049250313e-16,0.0,0.0,4806.293463312284,-2.220446049250313e-16,0.0,0.0,1338.8599313054672,0.0,0.0,0.0,7296.3503578266345,0.0,0.0,0.0,5069.876788358045,0.0,0.0,1905.2358093300256,63995.35460174529,0.0,6399.535460172799
334.0,4.0,0.0851063829787234,18994667.0,231713.9852039789,0.0,0.0,2452.928451415892,0.0,0.0,0.0,8577.457543436969,-4.440892098500626e-16,0.0,0.0,6584.454880568652,-8.881784197001252e-16,0.0,2.0,13851.455430639118,1.9999999999999998,0.0,0.0,8505.055860628485,8.881784197001252e-16,0.0,0.0,5514.621894253747,-2.220446049250313e-16,0.0,0.0,4806.293463312284,-2.220446049250313e-16,0.0,0.0,1338.8599313054672,0.0,0.0,0.0,7296.3503578266345,0.0,0.0,0.0,5069.876788358045,0.0,0.0,1905.2358093300256,63997.35460174529,0.2,6399.735460172798
335.0,0.0,0.0,18994667.0,231713.9852039789,0.0,0.0,2452.928451415892,0.0,0.0,0.0,8577.457543436969,-4.440892098500626e-16,0.0,0.6706207781581798,6585.12550134681,0.6706207781581789,0.0,0.0,13851.455430639118,-2.220446049250313e-16,0.0,0.0,8505.055860628485,8.881784197001252e-16,0.0,0.0,5514.621894253747,-2.220446049250313e-16,0.0,0.0,4806.293463312284,-2.220446049250313e-16,0.0,0.0,1338.8599313054672,0.0,0.0,0.0,7296.3503578266345,0.0,0.0,0.0,5069.876788358045,0.0,0.0,1905.2358093300256,63998.02522252344,0.06706207781581798,6399.802522250614
336.0,0.0,0.0,18994667.0,231713.9852039789,0.0,0.0,2452.928451415892,0.0,0.0,0.0,8577.457543436969,-4.440892098500626e-16,0.0,0.0,6585.12550134681,-8.881784197001252e-16,0.0,0.0,13851.455430639118,-2.220446049250313e-16,0.0,0.0,8505.055860628485,8.881784197001252e-16,0.0,0.0,5514.621894253747,-2.220446049250313e-16,0.0,0.0,4806.293463312284,-2.220446049250313e-16,0.0,0.0,1338.8599313054672,0.0,0.0,0.0,7296.3503578266345,0.0,0.0,0.0,5069.876788358045,0.0,0.0,1905.2358093300256,63998.02522252344,0.0,6399.802522250614
337.0,0.0,0.0,18994667.0,231713.9852039789,0.0,0.0,2452.928451415892,0.0,0.0,0.0,8577.457543436969,-4.440892098500626e-16,0.0,0.0,6585.12550134681,-8.881784197001252e-16,0.0,0.0,13851.455430639118,-2.220446049250313e-16,0.0,0.0,8505.055860628485,8.881784197001252e-16,0.0,0.0,5514.621894253747,-2.220446049250313e-16,0.0,0.0,4806.293463312284,-2.220446049250313e-16,0.0,0.0,1338.8599313054672,0.0,0.0,0.0,7296.3503578266345,0.0,0.0,0.0,5069.876788358045,0.0,0.0,1905.2358093300256,63998.02522252344,0.0,6399.802522250614
338.0,0.0,0.0,18994667.0,231713.9852039789,0.0,0.0,2452.928451415892,0.0,0.0,0.0,8577.457543436969,-4.440892098500626e-16,0.0,0.0,6585.12550134681,-8.881784197001252e-16,0.0,0.0,13851.455430639118,-2.220446049250313e-16,0.0,0.0,8505.055860628485,8.881784197001252e-16,0.0,0.0,5514.621894253747,-2.220446049250313e-16,0.0,0.0,4806.293463312284,-2.220446049250313e-16,0.0,0.0,1338.8599313054672,0.0,0.0,0.0,7296.3503578266345,0.0,0.0,0.0,5069.876788358045,0.0,0.0,1905.2358093300256,63998.02522252344,0.0,6399.802522250614
339.0,0.0,0.0,18994667.0,231713.9852039789,0.0,0.0,2452.928451415892,0.0,0.0,0.0,8577.457543436969,-4.440892098500626e-16,0.0,0.0,6585.12550134681,-8.881784197001252e-16,0.0,0.0,13851.455430639118,-2.220446049250313e-16,0.0,0.0,8505.055860628485,8.881784197001252e-16,0.0,0.0,5514.621894253747,-2.220446049250313e-16,0.0,0.0,4806.293463312284,-2.220446049250313e-16,0.0,0.0,1338.8599313054672,0.0,0.0,0.0,7296.3503578266345,0.0,0.0,0.0,5069.876788358045,0.0,0.0,1905.2358093300256,63998.02522252344,0.0,6399.802522250614
340.0,0.0,0.0,18994667.0,231713.9852039789,0.0,0.0,2452.928451415892,0.0,0.0,0.0,8577.457543436969,-4.440892098500626e-16,0.0,0.0,6585.12550134681,-8.881784197001252e-16,0.0,2.0,13853.455430639118,1.9999999999999998,0.0,2.0,8507.055860628485,2.000000000000001,0.0,0.0,5514.621894253747,-2.220446049250313e-16,0.0,0.0,4806.293463312284,-2.220446049250313e-16,0.0,0.0,1338.8599313054672,0.0,0.0,0.0,7296.3503578266345,0.0,0.0,0.0,5069.876788358045,0.0,0.0,1905.2358093300256,64002.02522252344,0.4,6400.202522250614
341.0,0.0,0.0,18994667.0,231713.9852039789,0.0,0.0,2452.928451415892,0.0,0.0,2.0,8579.457543436969,1.9999999999999996,0.0,0.0,6585.12550134681,-8.881784197001252e-16,0.0,2.0,13855.455430639118,1.9999999999999998,0.0,0.0,8507.055860628485,8.881784197001252e-16,0.0,0.0,5514.621894253747,-2.220446049250313e-16,0.0,0.0,4806.293463312284,-2.220446049250313e-16,0.0,0.0,1338.8599313054672,0.0,0.0,2.0,7298.3503578266345,2.0,0.0,0.0,5069.876788358045,0.0,0.0,1905.2358093300256,64008.02522252344,0.6,6400.802522250614
342.0,0.0,0.0,18994667.0,231713.9852039789,0.0,0.0,2452.928451415892,0.0,0.0,0.0,8579.457543436969,-4.440892098500626e-16,0.0,0.0,6585.12550134681,-8.881784197001252e-16,0.0,0.0,13855.455430639118,-2.220446049250313e-16,0.0,0.0,8507.055860628485,8.881784197001252e-16,0.0,0.0,5514.621894253747,-2.220446049250313e-16,0.0,0.0,4806.293463312284,-2.220446049250313e-16,0.0,0.0,1338.8599313054672,0.0,0.0,0.0,7298.3503578266345,0.0,0.0,0.0,5069.876788358045,0.0,0.0,1905.2358093300256,64008.02522252344,0.0,6400.802522250614
343.0,0.0,0.0,18994667.0,231713.9852039789,0.0,0.0,2452.928451415892,0.0,0.0,0.0,8579.457543436969,-4.440892098500626e-16,0.0,0.0,6585.12550134681,-8.881784197001252e-16,0.0,0.0,13855.455430639118,-2.220446049250313e-16,0.0,0.0,8507.055860628485,8.881784197001252e-16,0.0,0.0,5514.621894253747,-2.220446049250313e-16,0.0,0.0,4806.293463312284,-2.220446049250313e-16,0.0,0.0,1338.8599313054672,0.0,0.0,0.0,7298.3503578266345,0.0,0.0,2.0,5071.876788358045,2.0,0.0,1905.2358093300256,64010.02522252344,0.2,6401.002522250614
344.0,0.0,0.0,18994667.0,231713.9852039789,0.0,0.0,2452.928451415892,0.0,0.0,0.0,8579.457543436969,-4.440892098500626e-16,0.0,0.0,6585.12550134681,-8.881784197001252e-16,0.0,2.0,13857.455430639118,1.9999999999999998,0.0,1.5945366826338594,8508.65039731112,1.5945366826338603,0.0,0.0,5514.621894253747,-2.220446049250313e-16,0.0,0.0,4806.293463312284,-2.220446049250313e-16,0.0,0.0,1338.8599313054672,0.0,0.0,0.0,7298.3503578266345,0.0,0.0,0.0,5071.876788358045,0.0,0.0,1905.2358093300256,64013.61975920608,0.35945366826338593,6401.361975918877
345.0,0.0,0.0,18994667.0,231713.9852039789,0.0,0.0,2452.928451415892,0.0,0.0,0.0,8579.457543436969,-4.440892098500626e-16,0.0,0.0,6585.12550134681,-8.881784197001252e-16,0.0,0.0,13857.455430639118,-2.220446049250313e-16,0.0,0.0,8508.65039731112,8.881784197001252e-16,0.0,2.0,5516.621894253747,1.9999999999999998,0.0,0.0,4806.293463312284,-2.220446049250313e-16,0.0,0.0,1338.8599313054672,0.0,0.0,0.0,7298.3503578266345,0.0,0.0,0.0,5071.876788358045,0.0,0.0,1905.2358093300256,64015.61975920608,0.2,6401.561975918877
346.0,0.0,0.0,18994667.0,231713.9852039789,0.0,0.0,2452.928451415892,0.0,0.0,0.0,8579.457543436969,-4.440892098500626e-16,0.0,0.0,6585.12550134681,-8.881784197001252e-16,0.0,0.0,13857.455430639118,-2.220446049250313e-16,0.0,0.0,8508.65039731112,8.881784197001252e-16,0.0,0.0,5516.621894253747,-2.220446049250313e-16,0.0,0.0,4806.293463312284,-2.220446049250313e-16,0.0,0.0,1338.8599313054672,0.0,0.0,0.0,7298.3503578266345,0.0,0.0,0.0,5071.876788358045,0.0,0.0,1905.2358093300256,64015.61975920608,0.0,6401.561975918877
347.0,0.0,0.0,18994667.0,231713.9852039789,0.0,2.0,2454.928451415892,2.0,0.0,0.0,8579.457543436969,-4.440892098500626e-16,0.0,0.0,6585.12550134681,-8.881784197001252e-16,0.0,2.0,13859.455430639118,1.9999999999999998,0.0,0.0,8508.65039731112,8.881784197001252e-16,0.0,0.0,5516.621894253747,-2.220446049250313e-16,0.0,0.0,4806.293463312284,-2.220446049250313e-16,0.0,0.0,1338.8599313054672,0.0,0.0,0.0,7298.3503578266345,0.0,0.0,0.0,5071.876788358045,0.0,0.0,1905.2358093300256,64019.61975920608,0.4,6401.961975918876
348.0,0.0,0.0,18994667.0,231713.9852039789,0.0,0.0,2454.928451415892,0.0,0.0,0.0,8579.457543436969,-4.440892098500626e-16,0.0,0.0,6585.12550134681,-8.881784197001252e-16,0.0,0.0,13859.455430639118,-2.220446049250313e-16,0.0,0.0,8508.65039731112,8.881784197001252e-16,0.0,0.0,5516.621894253747,-2.220446049250313e-16,0.0,0.0,4806.293463312284,-2.220446049250313e-16,0.0,0.0,1338.8599313054672,0.0,0.0,0.0,7298.3503578266345,0.0,0.0,0.0,5071.876788358045,0.0,0.0,1905.2358093300256,64019.61975920608,0.0,6401.961975918876
349.0,0.0,0.0,18994667.0,231713.9852039789,0.0,0.0,2454.928451415892,0.0,0.0,0.0,8579.457543436969,-4.440892098500626e-16,0.0,0.0,6585.12550134681,-8.881784197001252e-16,0.0,0.0,13859.455430639118,-2.220446049250313e-16,0.0,0.0,8508.65039731112,8.881784197001252e-16,0.0,0.0,5516.621894253747,-2.220446049250313e-16,0.0,0.0,4806.293463312284,-2.220446049250313e-16,0.0,0.0,1338.8599313054672,0.0,0.0,2.0,7300.3503578266345,2.0,0.0,0.0,5071.876788358045,0.0,0.0,1905.2358093300256,64021.61975920608,0.2,6402.161975918876
350.0,0.0,0.0,18994667.0,231713.9852039789,0.0,0.0,2454.928451415892,0.0,0.0,0.0,8579.457543436969,-4.440892098500626e-16,0.0,0.0,6585.12550134681,-8.881784197001252e-16,0.0,0.0,13859.455430639118,-2.220446049250313e-16,0.0,0.0,8508.65039731112,8.881784197001252e-16,0.0,0.0,5516.621894253747,-2.220446049250313e-16,0.0,0.0,4806.293463312284,-2.220446049250313e-16,0.0,0.0,1338.8599313054672,0.0,0.0,0.0,7300.3503578266345,0.0,0.0,0.0,5071.876788358045,0.0,0.0,1905.2358093300256,64021.61975920608,0.0,6402.161975918876
351.0,0.0,0.0,18994667.0,231713.9852039789,0.0,0.0,2454.928451415892,0.0,0.0,0.0,8579.457543436969,-4.440892098500626e-16,0.0,0.0,6585.12550134681,-8.881784197001252e-16,0.0,0.0,13859.455430639118,-2.220446049250313e-16,0.0,0.0,8508.65039731112,8.881784197001252e-16,0.0,0.0,5516.621894253747,-2.220446049250313e-16,0.0,0.0,4806.293463312284,-2.220446049250313e-16,0.0,0.0,1338.8599313054672,0.0,0.0,0.0,7300.3503578266345,0.0,0.0,0.0,5071.876788358045,0.0,0.0,1905.2358093300256,64021.61975920608,0.0,6402.161975918876
352.0,1.0,0.023255813953488372,18994668.0,231714.00845979285,0.0,0.0,2454.928451415892,0.0,0.0,0.0,8579.457543436969,-4.440892098500626e-16,0.0,2.0,6587.12550134681,1.9999999999999991,0.0,0.0,13859.455430639118,-2.220446049250313e-16,0.0,0.0,8508.65039731112,8.881784197001252e-16,0.0,0.0,5516.621894253747,-2.220446049250313e-16,0.0,2.0,4808.293463312284,1.9999999999999998,0.0,0.0,1338.8599313054672,0.0,0.0,0.0,7300.3503578266345,0.0,0.0,0.0,5071.876788358045,0.0,0.0,1905.2358093300256,64025.61975920608,0.4,6402.561975918876
353.0,2.0,0.046511627906976744,18994670.0,231714.05497142076,0.0,0.0,2454.928451415892,0.0,0.0,0.0,8579.457543436969,-4.440892098500626e-16,0.0,0.0,6587.12550134681,-8.881784197001252e-16,0.0,0.0,13859.455430639118,-2.220446049250313e-16,0.0,0.0,8508.65039731112,8.881784197001252e-16,0.0,0.0,5516.621894253747,-2.220446049250313e-16,0.0,0.0,4808.293463312284,-2.220446049250313e-16,0.0,0.0,1338.8599313054672,0.0,0.0,0.0,7300.3503578266345,0.0,0.0,0.0,5071.876788358045,0.0,0.0,1905.2358093300256,64025.61975920608,0.0,6402.561975918876
354.0,4.0,0.09523809523809523,18994674.0,231714.150209516,0.0,0.0,2454.928451415892,0.0,0.0,0.0,8579.457543436969,-4.440892098500626e-16,0.0,0.0,6587.12550134681,-8.881784197001252e-16,0.0,0.0,13859.455430639118,-2.220446049250313e-16,0.0,0.0,8508.65039731112,8.881784197001252e-16,0.0,0.0,5516.621894253747,-2.220446049250313e-16,0.0,0.0,4808.293463312284,-2.220446049250313e-16,0.0,0.0,1338.8599313054672,0.0,0.0,0.0,7300.3503578266345,0.0,0.0,0.0,5071.876788358045,0.0,0.0,1905.2358093300256,64025.61975920608,0.0,6402.561975918876
355.0,3.0,0.07317073170731707,18994677.0,231714.2233802477,0.0,0.0,2454.928451415892,0.0,0.0,0.0,8579.457543436969,-4.440892098500626e-16,0.0,0.0,6587.12550134681,-8.881784197001252e-16,0.0,0.0,13859.455430639118,-2.220446049250313e-16,0.0,0.0,8508.65039731112,8.881784197001252e-16,0.0,0.0,5516.621894253747,-2.220446049250313e-16,0.0,0.0,4808.293463312284,-2.220446049250313e-16,0.0,0.0,1338.8599313054672,0.0,0.0,2.0,7302.3503578266345,2.0,0.0,0.0,5071.876788358045,0.0,0.0,1905.2358093300256,64027.61975920608,0.2,6402.761975918876
356.0,8.0,0.1951219512195122,18994685.0,231714.41850219894,0.0,0.0,2454.928451415892,0.0,0.0,0.0,8579.457543436969,-4.440892098500626e-16,0.0,0.0,6587.12550134681,-8.881784197001252e-16,0.0,0.0,13859.455430639118,-2.220446049250313e-16,0.0,0.0,8508.65039731112,8.881784197001252e-16,0.0,0.0,5516.621894253747,-2.220446049250313e-16,0.0,0.0,4808.293463312284,-2.220446049250313e-16,0.0,0.0,1338.8599313054672,0.0,0.0,0.0,7302.3503578266345,0.0,0.0,0.0,5071.876788358045,0.0,0.0,1905.2358093300256,64027.61975920608,0.0,6402.761975918876
357.0,14.0,0.34146341463414637,18994699.0,231714.75996561357,0.0,0.0,2454.928451415892,0.0,0.0,0.0,8579.457543436969,-4.440892098500626e-16,0.0,0.0,6587.12550134681,-8.881784197001252e-16,0.0,0.0,13859.455430639118,-2.220446049250313e-16,0.0,0.0,8508.65039731112,8.881784197001252e-16,0.0,0.0,5516.621894253747,-2.220446049250313e-16,0.0,0.0,4808.293463312284,-2.220446049250313e-16,0.0,0.0,1338.8599313054672,0.0,0.0,0.0,7302.3503578266345,0.0,0.0,2.0,5073.876788358045,2.0,0.0,1905.2358093300256,64029.61975920608,0.2,6402.961975918875
358.0,21.0,0.5121951219512195,18994720.0,231715.27216073553,0.0,0.0,2454.928451415892,0.0,0.0,0.0,8579.457543436969,-4.440892098500626e-16,0.0,0.0,6587.12550134681,-8.881784197001252e-16,0.0,0.0,13859.455430639118,-2.220446049250313e-16,0.0,0.0,8508.65039731112,8.881784197001252e-16,0.0,0.0,5516.621894253747,-2.220446049250313e-16,0.0,0.0,4808.293463312284,-2.220446049250313e-16,0.0,0.0,1338.8599313054672,0.0,0.0,0.0,7302.3503578266345,0.0,0.0,0.0,5073.876788358045,0.0,0.0,1905.2358093300256,64029.61975920608,0.0,6402.961975918875
359.0,24.0,0.6,18994744.0,231715.87216073554,0.0,0.0,2454.928451415892,0.0,0.0,0.0,8579.457543436969,-4.440892098500626e-16,0.0,0.0,6587.12550134681,-8.881784197001252e-16,0.0,0.0,13859.455430639118,-2.220446049250313e-16,0.0,0.0,8508.65039731112,8.881784197001252e-16,0.0,0.0,5516.621894253747,-2.220446049250313e-16,0.0,0.0,4808.293463312284,-2.220446049250313e-16,0.0,0.0,1338.8599313054672,0.0,0.0,0.0,7302.3503578266345,0.0,0.0,0.0,5073.876788358045,0.0,0.0,1905.2358093300256,64029.61975920608,0.0,6402.961975918875
360.0,31.0,0.7948717948717948,18994775.0,231716.66703253041,0.0,0.0,2454.928451415892,0.0,0.0,0.0,8579.457543436969,-4.440892098500626e-16,0.0,0.0,6587.12550134681,-8.881784197001252e-16,0.0,0.0,13859.455430639118,-2.220446049250313e-16,0.0,0.0,8508.65039731112,8.881784197001252e-16,0.0,0.0,5516.621894253747,-2.220446049250313e-16,0.0,0.0,4808.293463312284,-2.220446049250313e-16,0.0,0.0,1338.8599313054672,0.0,0.0,0.0,7302.3503578266345,0.0,0.0,0.0,5073.876788358045,0.0,0.0,1905.2358093300256,64029.61975920608,0.0,6402.961975918875
361.0,0.0,0.0,18994775.0,231716.66703253041,0.0,0.0,2454.928451415892,0.0,0.0,0.0,8579.457543436969,-4.440892098500626e-16,0.0,0.0,6587.12550134681,-8.881784197001252e-16,0.0,0.0,13859.455430639118,-2.220446049250313e-16,0.0,0.0,8508.65039731112,8.881784197001252e-16,0.0,0.0,5516.621894253747,-2.220446049250313e-16,0.0,0.0,4808.293463312284,-2.220446049250313e-16,0.0,0.0,1338.8599313054672,0.0,0.0,0.0,7302.3503578266345,0.0,0.0,0.0,5073.876788358045,0.0,0.0,1905.2358093300256,64029.61975920608,0.0,6402.961975918875
362.0,1.0,0.021739130434782608,18994776.0,231716.68877166085,0.0,0.0,2454.928451415892,0.0,0.0,2.0,8581.457543436969,1.9999999999999996,0.0,0.0,6587.12550134681,-8.881784197001252e-16,0.0,2.0,13861.455430639118,1.9999999999999998,0.0,0.0,8508.65039731112,8.881784197001252e-16,0.0,1.7948553398050093,5518.416749593552,1.794855339805009,0.0,0.0,4808.293463312284,-2.220446049250313e-16,0.0,0.0,1338.8599313054672,0.0,0.0002777777777777778,0.0,7302.3503578266345,0.0,0.0,0.0,5073.876788358045,0.0,0.0002777777777777778,1905.2358093300256,64035.41461454589,0.579485533980501,6403.541461452856
363.0,0.0,0.0,18994776.0,231716.68877166085,0.0,0.0,2454.928451415892,0.0,0.0,2.0,8583.457543436969,1.9999999999999996,0.0,0.0,6587.12550134681,-8.881784197001252e-16,0.0,0.0,13861.455430639118,-2.220446049250313e-16,0.0,0.0,8508.65039731112,8.881784197001252e-16,0.0,0.0,5518.416749593552,-2.220446049250313e-16,0.0,0.0,4808.293463312284,-2.220446049250313e-16,0.0,0.0,1338.8599313054672,0.0,0.0,0.0,7302.3503578266345,0.0,0.0,0.0,5073.876788358045,0.0,0.0,1905.2358093300256,64037.41461454589,0.2,6403.741461452856
364.0,0.0,0.0,18994776.0,231716.68877166085,0.0,0.0,2454.928451415892,0.0,0.0,0.0,8583.457543436969,-4.440892098500626e-16,0.0,0.0,6587.12550134681,-8.881784197001252e-16,0.0,0.0,13861.455430639118,-2.220446049250313e-16,0.0,0.0,8508.65039731112,8.881784197001252e-16,0.0,0.0,5518.416749593552,-2.220446049250313e-16,0.0,0.0,4808.293463312284,-2.220446049250313e-16,0.0,0.0,1338.8599313054672,0.0,0.0,0.0,7302.3503578266345,0.0,0.0,0.0,5073.876788358045,0.0,0.0,1905.2358093300256,64037.41461454589,0.0,6403.741461452856
365.0,0.0,0.0,18994776.0,231716.68877166085,0.0,0.0,2454.928451415892,0.0,0.0,2.0,8585.457543436969,1.9999999999999996,0.0,2.0,6589.12550134681,1.9999999999999991,0.0,0.0,13861.455430639118,-2.220446049250313e-16,0.0,0.0,8508.65039731112,8.881784197001252e-16,0.0,0.0,5518.416749593552,-2.220446049250313e-16,0.0,0.0,4808.293463312284,-2.220446049250313e-16,0.0,0.0,1338.8599313054672,0.0,0.0,0.0,7302.3503578266345,0.0,0.0,0.0,5073.876788358045,0.0,0.0,1905.2358093300256,64041.41461454589,0.4,6404.141461452856
366.0,0.0,0.0,18994776.0,231716.68877166085,0.0,0.0,2454.928451415892,0.0,0.0,0.0,8585.457543436969,-4.440892098500626e-16,0.0,0.0,6589.12550134681,-8.881784197001252e-16,0.0,0.0,13861.455430639118,-2.220446049250313e-16,0.0,0.0,8508.65039731112,8.881784197001252e-16,0.0,0.0,5518.416749593552,-2.220446049250313e-16,0.0,0.0,4808.293463312284,-2.220446049250313e-16,0.0,0.0,1338.8599313054672,0.0,0.0,0.0,7302.3503578266345,0.0,0.0,0.0,5073.876788358045,0.0,0.0,1905.2358093300256,64041.41461454589,0.0,6404.141461452856
367.0,0.0,0.0,18994776.0,231716.68877166085,0.0,0.0,2454.928451415892,0.0,0.0,0.0,8585.457543436969,-4.440892098500626e-16,0.0,0.0,6589.12550134681,-8.881784197001252e-16,0.0,0.0,13861.455430639118,-2.220446049250313e-16,0.0,0.0,8508.65039731112,8.881784197001252e-16,0.0,0.0,5518.416749593552,-2.220446049250313e-16,0.0,0.0,4808.293463312284,-2.220446049250313e-16,0.0,0.0,1338.8599313054672,0.0,0.0,0.0,7302.3503578266345,0.0,0.0,0.0,5073.876788358045,0.0,0.0,1905.2358093300256,64041.41461454589,0.0,6404.141461452856
368.0,0.0,0.0,18994776.0,231716.68877166085,0.0,0.0,2454.928451415892,0.0,0.0,0.0,8585.457543436969,-4.440892098500626e-16,0.0,0.0,6589.12550134681,-8.881784197001252e-16,0.0,0.0,13861.455430639118,-2.220446049250313e-16,0.0,0.0,8508.65039731112,8.881784197001252e-16,0.0,0.0,5518.416749593552,-2.220446049250313e-16,0.0,0.0,4808.293463312284,-2.220446049250313e-16,0.0,0.0,1338.8599313054672,0.0,0.0,0.0,7302.3503578266345,0.0,0.0,0.0,5073.876788358045,0.0,0.0,1905.2358093300256,64041.41461454589,0.0,6404.141461452856
369.0,0.0,0.0,18994776.0,231716.68877166085,0.0,0.0,2454.928451415892,0.0,0.0,0.0,8585.457543436969,-4.440892098500626e-16,0.0,0.0,6589.12550134681,-8.881784197001252e-16,0.0,0.0,13861.455430639118,-2.220446049250313e-16,0.0,0.0,8508.65039731112,8.881784197001252e-16,0.0,0.0,5518.416749593552,-2.220446049250313e-16,0.0,0.0,4808.293463312284,-2.220446049250313e-16,0.0,0.0,1338.8599313054672,0.0,0.0,0.0,7302.3503578266345,0.0,0.0,0.0,5073.876788358045,0.0,0.0,1905.2358093300256,64041.41461454589,0.0,6404.141461452856
370.0,0.0,0.0,18994776.0,231716.68877166085,0.0,0.0,2454.928451415892,0.0,0.0,0.0,8585.457543436969,-4.440892098500626e-16,0.0,0.0,6589.12550134681,-8.881784197001252e-16,0.0,0.0,13861.455430639118,-2.220446049250313e-16,0.0,0.0,8508.65039731112,8.881784197001252e-16,0.0,0.0,5518.416749593552,-2.220446049250313e-16,0.0,0.0,4808.293463312284,-2.220446049250313e-16,0.0,0.0,1338.8599313054672,0.0,0.0,2.0,7304.3503578266345,2.0,0.0,0.0,5073.876788358045,0.0,0.0,1905.2358093300256,64043.41461454589,0.2,6404.341461452856
371.0,0.0,0.0,18994776.0,231716.68877166085,0.0,0.0,2454.928451415892,0.0,0.0,0.0,8585.457543436969,-4.440892098500626e-16,0.0,0.0,6589.12550134681,-8.881784197001252e-16,0.0,0.0,13861.455430639118,-2.220446049250313e-16,0.0,2.0,8510.65039731112,2.000000000000001,0.0,0.0,5518.416749593552,-2.220446049250313e-16,0.0,0.0,4808.293463312284,-2.220446049250313e-16,0.0,0.0,1338.8599313054672,0.0,0.0,0.0,7304.3503578266345,0.0,0.0,0.0,5073.876788358045,0.0,0.0,1905.2358093300256,64045.41461454589,0.2,6404.541461452855
372.0,0.0,0.0,18994776.0,231716.68877166085,0.0,0.0,2454.928451415892,0.0,0.0,0.0,8585.457543436969,-4.440892098500626e-16,0.0,0.0,6589.12550134681,-8.881784197001252e-16,0.0,0.6283763848580552,13862.083807023977,0.628376384858055,0.0,1.9904712722994518,8512.64086858342,1.9904712722994526,0.0,0.0,5518.416749593552,-2.220446049250313e-16,0.0,0.0,4808.293463312284,-2.220446049250313e-16,0.0,0.0,1338.8599313054672,0.0,0.0,0.0,7304.3503578266345,0.0,0.0,0.0,5073.876788358045,0.0,0.0,1905.2358093300256,64048.03346220305,0.2618847657157507,6404.803346218571
373.0,1.0,0.023255813953488372,18994777.0,231716.7120274748,0.0,0.0,2454.928451415892,0.0,0.0,0.0,8585.457543436969,-4.440892098500626e-16,0.0,0.0,6589.12550134681,-8.881784197001252e-16,0.0,0.0,13862.083807023977,-2.220446049250313e-16,0.0,0.0,8512.64086858342,8.881784197001252e-16,0.0,0.0,5518.416749593552,-2.220446049250313e-16,0.0,0.0,4808.293463312284,-2.220446049250313e-16,0.0,0.0,1338.8599313054672,0.0,0.0,0.0,7304.3503578266345,0.0,0.0,0.0,5073.876788358045,0.0,0.0,1905.2358093300256,64048.03346220305,0.0,6404.803346218571
374.0,2.0,0.046511627906976744,18994779.0,231716.7585391027,0.0,0.0,2454.928451415892,0.0,0.0,0.0,8585.457543436969,-4.440892098500626e-16,0.0,0.0,6589.12550134681,-8.881784197001252e-16,0.0,0.0,13862.083807023977,-2.220446049250313e-16,0.0,0.0,8512.64086858342,8.881784197001252e-16,0.0,0.0,5518.416749593552,-2.220446049250313e-16,0.0,0.0,4808.293463312284,-2.220446049250313e-16,0.0,0.0,1338.8599313054672,0.0,0.0,0.0,7304.3503578266345,0.0,0.0,0.0,5073.876788358045,0.0,0.0,1905.2358093300256,64048.03346220305,0.0,6404.803346218571
375.0,3.0,0.06976744186046512,18994782.0,231716.82830654457,0.0,0.0,2454.928451415892,0.0,0.0,0.0,8585.457543436969,-4.440892098500626e-16,0.0,0.0,6589.12550134681,-8.881784197001252e-16,0.0,0.0,13862.083807023977,-2.220446049250313e-16,0.0,0.0,8512.64086858342,8.881784197001252e-16,0.0,0.0,5518.416749593552,-2.220446049250313e-16,0.0,0.0,4808.293463312284,-2.220446049250313e-16,0.0,0.0,1338.8599313054672,0.0,0.0,0.0,7304.3503578266345,0.0,0.0,0.0,5073.876788358045,0.0,0.0,1905.2358093300256,64048.03346220305,0.0,6404.803346218571
376.0,0.0,0.0,18994782.0,231716.82830654457,0.0,0.0,2454.928451415892,0.0,0.0,0.0,8585.457543436969,-4.440892098500626e-16,0.0,0.0,6589.12550134681,-8.881784197001252e-16,0.0,0.0,13862.083807023977,-2.220446049250313e-16,0.0,0.0,8512.64086858342,8.881784197001252e-16,0.0,0.0,5518.416749593552,-2.220446049250313e-16,0.0,0.0,4808.293463312284,-2.220446049250313e-16,0.0,0.0,1338.8599313054672,0.0,0.0,0.0,7304.3503578266345,0.0,0.0,0.0,5073.876788358045,0.0,0.0,1905.2358093300256,64048.03346220305,0.0,6404.803346218571
377.0,0.0,0.0,18994782.0,231716.82830654457,0.0,0.0,2454.928451415892,0.0,0.0,0.0,8585.457543436969,-4.440892098500626e-16,0.0,0.0,6589.12550134681,-8.881784197001252e-16,0.0,0.0,13862.083807023977,-2.220446049250313e-16,0.0,0.0,8512.64086858342,8.881784197001252e-16,0.0,0.0,5518.416749593552,-2.220446049250313e-16,0.0,0.0,4808.293463312284,-2.220446049250313e-16,0.0,0.0,1338.8599313054672,0.0,0.0,0.0,7304.3503578266345,0.0,0.0,0.0,5073.876788358045,0.0,0.0,1905.2358093300256,64048.03346220305,0.0,6404.803346218571
378.0,0.0,0.0,18994782.0,231716.82830654457,0.0,0.0,2454.928451415892,0.0,0.0,0.0,8585.457543436969,-4.440892098500626e-16,0.0,0.0,6589.12550134681,-8.881784197001252e-16,0.0,2.0,13864.083807023977,1.9999999999999998,0.0,0.0,8512.64086858342,8.881784197001252e-16,0.0,0.0,5518.416749593552,-2.220446049250313e-16,0.0,0.0,4808.293463312284,-2.220446049250313e-16,0.0,0.0,1338.8599313054672,0.0,0.0,0.0,7304.3503578266345,0.0,0.0,0.0,5073.876788358045,0.0,0.0,1905.2358093300256,64050.03346220305,0.2,6405.003346218571
379.0,0.0,0.0,18994782.0,231716.82830654457,0.0,0.0,2454.928451415892,0.0,0.0,0.0,8585.457543436969,-4.440892098500626e-16,0.0,0.0,6589.12550134681,-8.881784197001252e-16,0.0,0.0,13864.083807023977,-2.220446049250313e-16,0.0,0.0,8512.64086858342,8.881784197001252e-16,0.0,0.0,5518.416749593552,-2.220446049250313e-16,0.0,0.0,4808.293463312284,-2.220446049250313e-16,0.0,0.0,1338.8599313054672,0.0,0.0,0.0,7304.3503578266345,0.0,0.0,0.0,5073.876788358045,0.0,0.0,1905.2358093300256,64050.03346220305,0.0,6405.003346218571
380.0,0.0,0.0,18994782.0,231716.82830654457,0.0,0.0,2454.928451415892,0.0,0.0,0.0,8585.457543436969,-4.440892098500626e-16,0.0,0.0,6589.12550134681,-8.881784197001252e-16,0.0,-1.025,13863.058807023977,-1.0250000000000001,0.0,0.0,8512.64086858342,8.881784197001252e-16,0.0,0.0,5518.416749593552,-2.220446049250313e-16,0.0,0.0,4808.293463312284,-2.220446049250313e-16,0.0,0.0,1338.8599313054672,0.0,0.0,0.0,7304.3503578266345,0.0,0.0,0.0,5073.876788358045,0.0,0.0,1906.2608093300257,64049.00846220305,-0.1025,6404.900846218571
381.0,0.0,0.0,18994782.0,231716.82830654457,0.0,0.0,2454.928451415892,0.0,0.0,0.0,8585.457543436969,-4.440892098500626e-16,0.0,0.0,6589.12550134681,-8.881784197001252e-16,0.0,0.0,13863.058807023977,-2.220446049250313e-16,0.0,0.0,8512.64086858342,8.881784197001252e-16,0.0,0.0,5518.416749593552,-2.220446049250313e-16,0.0,0.0,4808.293463312284,-2.220446049250313e-16,0.0,0.0,1338.8599313054672,0.0,0.0,0.0,7304.3503578266345,0.0,0.0,0.0,5073.876788358045,0.0,0.0,1906.2608093300257,64049.00846220305,0.0,6404.900846218571
382.0,0.0,0.0,18994782.0,231716.82830654457,0.0,0.0,2454.928451415892,0.0,0.0,0.0,8585.457543436969,-4.440892098500626e-16,0.0,0.0,6589.12550134681,-8.881784197001252e-16,0.0,0.0,13863.058807023977,-2.220446049250313e-16,0.0,0.0,8512.64086858342,8.881784197001252e-16,0.0,0.0,5518.416749593552,-2.220446049250313e-16,0.0,0.0,4808.293463312284,-2.220446049250313e-16,0.0,0.0,1338.8599313054672,0.0,0.0,0.0,7304.3503578266345,0.0,0.0,0.0,5073.876788358045,0.0,0.0,1906.2608093300257,64049.00846220305,0.0,6404.900846218571
383.0,0.0,0.0,18994782.0,231716.82830654457,0.0,0.0,2454.928451415892,0.0,0.0,0.0,8585.457543436969,-4.440892098500626e-16,0.0,0.0,6589.12550134681,-8.881784197001252e-16,0.0,0.0,13863.058807023977,-2.220446049250313e-16,0.0,0.0,8512.64086858342,8.881784197001252e-16,0.0,0.0,5518.416749593552,-2.220446049250313e-16,0.0,0.0,4808.293463312284,-2.220446049250313e-16,0.0,0.0,1338.8599313054672,0.0,0.0,0.0,7304.3503578266345,0.0,0.0,0.0,5073.876788358045,0.0,0.0,1906.2608093300257,64049.00846220305,0.0,6404.900846218571
384.0,0.0,0.0,18994782.0,231716.82830654457,0.0,0.0,2454.928451415892,0.0,0.0,0.0,8585.457543436969,-4.440892098500626e-16,0.0,0.0,6589.12550134681,-8.881784197001252e-16,0.0,0.0,13863.058807023977,-2.220446049250313e-16,0.0,0.0,8512.64086858342,8.881784197001252e-16,0.0,1.4214976862483988,5519.8382472798,1.4214976862483986,0.0,0.0,4808.293463312284,-2.220446049250313e-16,0.0,0.0,1338.8599313054672,0.0,0.0,2.0,7306.3503578266345,2.0,0.0,0.0,5073.876788358045,0.0,0.0,1906.2608093300257,64052.42995988929,0.3421497686248399,6405.242995987196
385.0,0.0,0.0,18994782.0,231716.82830654457,0.0,0.0,2454.928451415892,0.0,0.0,0.0,8585.457543436969,-4.440892098500626e-16,0.0,0.0,6589.12550134681,-8.881784197001252e-16,0.0,0.0,13863.058807023977,-2.220446049250313e-16,0.0,0.0,8512.64086858342,8.881784197001252e-16,0.0,0.0,5519.8382472798,-2.220446049250313e-16,0.0,0.0,4808.293463312284,-2.220446049250313e-16,0.0,0.0,1338.8599313054672,0.0,0.0,0.0,7306.3503578266345,0.0,0.0,0.0,5073.876788358045,0.0,0.0,1906.2608093300257,64052.42995988929,0.0,6405.242995987196
386.0,0.0,0.0,18994782.0,231716.82830654457,0.0,0.0,2454.928451415892,0.0,0.0,0.0,8585.457543436969,-4.440892098500626e-16,0.0,0.0,6589.12550134681,-8.881784197001252e-16,0.0,0.0,13863.058807023977,-2.220446049250313e-16,0.0,2.0,8514.64086858342,2.000000000000001,0.0,0.0,5519.8382472798,-2.220446049250313e-16,0.0,0.0,4808.293463312284,-2.220446049250313e-16,0.0,0.0,1338.8599313054672,0.0,0.0,0.0,7306.3503578266345,0.0,0.0,2.0,5075.876788358045,2.0,0.0,1906.2608093300257,64056.42995988929,0.4,6405.642995987196
387.0,0.0,0.0,18994782.0,231716.82830654457,0.0,0.0,2454.928451415892,0.0,0.0,0.0,8585.457543436969,-4.440892098500626e-16,0.0,0.0,6589.12550134681,-8.881784197001252e-16,0.0,0.0,13863.058807023977,-2.220446049250313e-16,0.0,0.0,8514.64086858342,8.881784197001252e-16,0.0,0.0,5519.8382472798,-2.220446049250313e-16,0.0,0.0,4808.293463312284,-2.220446049250313e-16,0.0,0.0,1338.8599313054672,0.0,0.0,2.0,7308.3503578266345,2.0,0.0,0.0,5075.876788358045,0.0,0.0,1906.2608093300257,64058.42995988929,0.2,6405.8429959871955
388.0,0.0,0.0,18994782.0,231716.82830654457,0.0,0.0,2454.928451415892,0.0,0.0,2.0,8587.457543436969,1.9999999999999996,0.0,0.0,6589.12550134681,-8.881784197001252e-16,0.0,0.0,13863.058807023977,-2.220446049250313e-16,0.0,0.0,8514.64086858342,8.881784197001252e-16,0.0,0.0,5519.8382472798,-2.220446049250313e-16,0.0,0.0,4808.293463312284,-2.220446049250313e-16,0.0,2.0,1340.8599313054672,2.0,0.0,0.0,7308.3503578266345,0.0,0.0,0.0,5075.876788358045,0.0,0.0,1906.2608093300257,64062.42995988929,0.4,6406.242995987195
389.0,0.0,0.0,18994782.0,231716.82830654457,0.0,0.0,2454.928451415892,0.0,0.0,0.0,8587.457543436969,-4.440892098500626e-16,0.0,0.0,6589.12550134681,-8.881784197001252e-16,0.0,0.0,13863.058807023977,-2.220446049250313e-16,0.0,0.0,8514.64086858342,8.881784197001252e-16,0.0,0.0,5519.8382472798,-2.220446049250313e-16,0.0,0.0,4808.293463312284,-2.220446049250313e-16,0.0,0.0,1340.8599313054672,0.0,0.0,0.0,7308.3503578266345,0.0,0.0,2.0,5077.876788358045,2.0,0.0,1906.2608093300257,64064.42995988929,0.2,6406.442995987195
390.0,1.0,0.02564102564102564,18994783.0,231716.85394757023,0.0,0.0,2454.928451415892,0.0,0.0,0.0,8587.457543436969,-4.440892098500626e-16,0.0,0.0,6589.12550134681,-8.881784197001252e-16,0.0002777777777777778,0.0,13863.058807023977,-2.220446049250313e-16,0.0,0.0,8514.64086858342,8.881784197001252e-16,0.0,0.0,5519.8382472798,-2.220446049250313e-16,0.0,0.0,4808.293463312284,-2.220446049250313e-16,0.0,0.0,1340.8599313054672,0.0,0.0,0.0,7308.3503578266345,0.0,0.0,0.0,5077.876788358045,0.0,0.0002777777777777778,1906.2608093300257,64064.42995988929,0.0,6406.442995987195
391.0,2.0,0.044444444444444446,18994785.0,231716.89839201467,0.0,0.0,2454.928451415892,0.0,0.0,0.0,8587.457543436969,-4.440892098500626e-16,0.0,0.0,6589.12550134681,-8.881784197001252e-16,0.0005555555555555556,0.0,13863.058807023977,-2.220446049250313e-16,0.0,0.0,8514.64086858342,8.881784197001252e-16,0.0,0.0,5519.8382472798,-2.220446049250313e-16,0.0,0.0,4808.293463312284,-2.220446049250313e-16,0.0,0.0,1340.8599313054672,0.0,0.0,0.0,7308.3503578266345,0.0,0.0,0.0,5077.876788358045,0.0,0.0005555555555555556,1906.2608093300257,64064.42995988929,0.0,6406.442995987195
392.0,3.0,0.06818181818181818,18994788.0,231716.96657383285,0.0,0.0,2454.928451415892,0.0,0.0,2.0,8589.457543436969,1.9999999999999996,0.0,0.0,6589.12550134681,-8.881784197001252e-16,0.0008333333333333334,0.0,13863.058807023977,-2.220446049250313e-16,0.0,0.0,8514.64086858342,8.881784197001252e-16,0.0,2.0,5521.8382472798,1.9999999999999998,0.0,0.0,4808.293463312284,-2.220446049250313e-16,0.0,0.0,1340.8599313054672,0.0,0.0,0.0,7308.3503578266345,0.0,0.0,0.0,5077.876788358045,0.0,0.0008333333333333334,1906.2608093300257,64068.42995988929,0.4,6406.842995987195
393.0,4.0,0.09090909090909091,18994792.0,231717.05748292376,0.0,1.025,2455.9534514158922,1.025,0.0,0.0,8589.457543436969,-4.440892098500626e-16,0.0,0.0,6589.12550134681,-8.881784197001252e-16,0.0011111111111111111,0.0,13863.058807023977,-2.220446049250313e-16,0.0,0.0,8514.64086858342,8.881784197001252e-16,0.0,0.0,5521.8382472798,-2.220446049250313e-16,0.0,0.0,4808.293463312284,-2.220446049250313e-16,0.0,0.0,1340.8599313054672,0.0,0.0,0.0,7308.3503578266345,0.0,0.0,0.0,5077.876788358045,0.0,0.0011111111111111111,1906.2608093300257,64069.4549598893,0.1025,6406.945495987195
394.0,5.0,0.11363636363636363,18994797.0,231717.1711192874,0.0,0.0,2455.9534514158922,0.0,0.0,0.0,8589.457543436969,-4.440892098500626e-16,0.0,0.0,6589.12550134681,-8.881784197001252e-16,0.001388888888888889,0.0,13863.058807023977,-2.220446049250313e-16,0.0,2.0,8516.64086858342,2.000000000000001,0.0,0.0,5521.8382472798,-2.220446049250313e-16,0.0,2.0,4810.293463312284,1.9999999999999998,0.0,0.0,1340.8599313054672,0.0,0.0,0.0,7308.3503578266345,0.0,0.0,0.0,5077.876788358045,0.0,0.001388888888888889,1906.2608093300257,64073.4549598893,0.4,6407.345495987194
395.0,8.0,0.18181818181818182,18994805.0,231717.35293746923,0.0,0.0,2455.9534514158922,0.0,0.0,0.0,8589.457543436969,-4.440892098500626e-16,0.0,2.0,6591.12550134681,1.9999999999999991,0.0016666666666666668,0.0,13863.058807023977,-2.220446049250313e-16,0.0,0.0,8516.64086858342,8.881784197001252e-16,0.0002777777777777778,0.0,5521.8382472798,-2.220446049250313e-16,0.0,0.0,4810.293463312284,-2.220446049250313e-16,0.0,0.0,1340.8599313054672,0.0,0.0,0.0,7308.3503578266345,0.0,0.0002777777777777778,0.0,5077.876788358045,0.0,0.0022222222222222222,1906.2608093300257,64075.4549598893,0.2,6407.545495987194
396.0,9.0,0.20454545454545456,18994814.0,231717.5574829238,0.0,0.0,2455.9534514158922,0.0,0.0,0.0,8589.457543436969,-4.440892098500626e-16,0.0,0.0,6591.12550134681,-8.881784197001252e-16,0.0019444444444444444,0.0,13863.058807023977,-2.220446049250313e-16,0.0,0.0,8516.64086858342,8.881784197001252e-16,0.0005555555555555556,0.0,5521.8382472798,-2.220446049250313e-16,0.0,0.0,4810.293463312284,-2.220446049250313e-16,0.0,0.0,1340.8599313054672,0.0,0.0,0.0,7308.3503578266345,0.0,0.0,0.0,5077.876788358045,0.0,0.0025,1906.2608093300257,64075.4549598893,0.0,6407.545495987194
397.0,11.0,0.2558139534883721,18994825.0,231717.81329687728,0.0,0.0,2455.9534514158922,0.0,0.0,0.0,8589.457543436969,-4.440892098500626e-16,0.0,0.0,6591.12550134681,-8.881784197001252e-16,0.0022222222222222222,0.0,13863.058807023977,-2.220446049250313e-16,0.0,0.0,8516.64086858342,8.881784197001252e-16,0.0008333333333333334,0.0,5521.8382472798,-2.220446049250313e-16,0.0,0.0,4810.293463312284,-2.220446049250313e-16,0.0,0.0,1340.8599313054672,0.0,0.0,0.0,7308.3503578266345,0.0,0.0,0.0,5077.876788358045,0.0,0.0030555555555555557,1906.2608093300257,64075.4549598893,0.0,6407.545495987194
398.0,13.0,0.3023255813953488,18994838.0,231718.1156224587,0.0,0.0,2455.9534514158922,0.0,0.0,0.0,8589.457543436969,-4.440892098500626e-16,0.0,1.025,6592.1505013468095,1.024999999999999,0.0025,0.0,13863.058807023977,-2.220446049250313e-16,0.0,0.0,8516.64086858342,8.881784197001252e-16,0.0011111111111111111,0.0,5521.8382472798,-2.220446049250313e-16,0.0,0.0,4810.293463312284,-2.220446049250313e-16,0.0,0.0,1340.8599313054672,0.0,0.0,0.0,7308.3503578266345,0.0,0.0,0.0,5077.876788358045,0.0,0.003611111111111111,1906.2608093300257,64076.47995988929,0.1025,6407.647995987194
399.0,15.0,0.3488372093023256,18994853.0,231718.464459668,0.0,2.0,2457.9534514158922,2.0,0.0,0.0,8589.457543436969,-4.440892098500626e-16,0.0,0.0,6592.1505013468095,-8.881784197001252e-16,0.002777777777777778,2.0,13865.058807023977,1.9999999999999998,0.0,-1.0351118145437543,8515.605756768875,-1.0351118145437535,0.001388888888888889,0.0,5521.8382472798,-2.220446049250313e-16,0.0,0.0,4810.293463312284,-2.220446049250313e-16,0.0,0.0,1340.8599313054672,0.0,0.0,0.0,7308.3503578266345,0.0,0.0,0.0,5077.876788358045,0.0,0.004166666666666667,1907.2959211445695,64079.444848074745,0.2964888185456246,6407.944484805739
400.0,17.0,0.40476190476190477,18994870.0,231718.86922157276,0.0,0.0,2457.9534514158922,0.0,0.0,0.0,8589.457543436969,-4.440892098500626e-16,0.0,0.0,6592.1505013468095,-8.881784197001252e-16,0.0030555555555555557,0.0,13865.058807023977,-2.220446049250313e-16,0.0,1.070223629087509,8516.675980397962,1.07022362908751,0.0016666666666666668,0.0,5521.8382472798,-2.220446049250313e-16,0.0,0.0,4810.293463312284,-2.220446049250313e-16,0.0,0.0,1340.8599313054672,0.0,0.0,0.0,7308.3503578266345,0.0,0.0,0.0,5077.876788358045,0.0,0.004722222222222222,1907.2959211445695,64080.51507170383,0.10702236290875089,6408.051507168648
401.0,19.0,0.4634146341463415,18994889.0,231719.3326362069,0.0,0.0,2457.9534514158922,0.0,0.0,0.0,8589.457543436969,-4.440892098500626e-16,0.0,0.0,6592.1505013468095,-8.881784197001252e-16,0.0033333333333333335,0.0,13865.058807023977,-2.220446049250313e-16,0.0,0.0,8516.675980397962,1.1102230246251565e-15,0.0019444444444444444,0.0,5521.8382472798,-2.220446049250313e-16,0.0,0.0,4810.293463312284,-2.220446049250313e-16,0.0,0.0,1340.8599313054672,0.0,0.0,0.0,7308.3503578266345,0.0,0.0,0.0,5077.876788358045,0.0,0.005277777777777778,1907.2959211445695,64080.51507170383,0.0,6408.051507168648
402.0,21.0,0.5121951219512195,18994910.0,231719.84483132887,0.0,0.0,2457.9534514158922,0.0,0.0,0.0,8589.457543436969,-4.440892098500626e-16,0.0,0.0,6592.1505013468095,-8.881784197001252e-16,0.003611111111111111,0.0,13865.058807023977,-2.220446049250313e-16,0.0,0.0,8516.675980397962,1.1102230246251565e-15,0.0022222222222222222,0.0,5521.8382472798,-2.220446049250313e-16,0.0,0.0,4810.293463312284,-2.220446049250313e-16,0.0,0.0,1340.8599313054672,0.0,0.0,0.0,7308.3503578266345,0.0,0.0,0.0,5077.876788358045,0.0,0.005833333333333333,1907.2959211445695,64080.51507170383,0.0,6408.051507168648
403.0,24.0,0.6,18994934.0,231720.44483132887,0.0,0.0,2457.9534514158922,0.0,0.0,2.0,8591.457543436969,1.9999999999999996,0.0002777777777777778,2.0,6594.1505013468095,1.9999999999999991,0.0038888888888888888,0.0,13865.058807023977,-2.220446049250313e-16,0.0,0.0,8516.675980397962,1.1102230246251565e-15,0.0025,0.0,5521.8382472798,-2.220446049250313e-16,0.0,0.0,4810.293463312284,-2.220446049250313e-16,0.0,0.0,1340.8599313054672,0.0,0.0,0.0,7308.3503578266345,0.0,0.0,0.0,5077.876788358045,0.0,0.006666666666666666,1907.2959211445695,64084.51507170383,0.4,6408.451507168647
404.0,25.0,0.625,18994959.0,231721.06983132887,0.0,0.0,2457.9534514158922,0.0,0.0,0.0,8591.457543436969,-4.440892098500626e-16,0.0,0.0,6594.1505013468095,-8.881784197001252e-16,0.004166666666666667,2.0,13867.058807023977,1.9999999999999998,0.0,0.0,8516.675980397962,1.1102230246251565e-15,0.002777777777777778,0.0,5521.8382472798,-2.220446049250313e-16,0.0,0.0,4810.293463312284,-2.220446049250313e-16,0.0,0.0,1340.8599313054672,0.0,0.0,0.0,7308.3503578266345,0.0,0.0,0.0,5077.876788358045,0.0,0.006944444444444444,1907.2959211445695,64086.51507170383,0.2,6408.651507168647
405.0,27.0,0.675,18994986.0,231721.74483132886,0.0,0.0,2457.9534514158922,0.0,0.0,0.0,8591.457543436969,-4.440892098500626e-16,0.0,0.0,6594.1505013468095,-8.881784197001252e-16,0.0044444444444444444,1.7587759345249876,13868.817582958502,1.7587759345249874,0.0,0.0,8516.675980397962,1.1102230246251565e-15,0.0030555555555555557,0.0,5521.8382472798,-2.220446049250313e-16,0.0,0.0,4810.293463312284,-2.220446049250313e-16,0.0,0.0,1340.8599313054672,0.0,0.0,0.0,7308.3503578266345,0.0,0.0,0.0,5077.876788358045,0.0,0.0075,1907.2959211445695,64088.27384763836,0.17587759345249876,6408.827384762099
406.0,29.0,0.725,18995015.0,231722.46983132887,0.0,0.0,2457.9534514158922,0.0,0.0,0.0,8591.457543436969,-4.440892098500626e-16,0.0,0.0,6594.1505013468095,-8.881784197001252e-16,0.004722222222222222,0.0,13868.817582958502,-2.220446049250313e-16,0.0,0.0,8516.675980397962,1.1102230246251565e-15,0.0033333333333333335,0.0,5521.8382472798,-2.220446049250313e-16,0.0,0.0,4810.293463312284,-2.220446049250313e-16,0.0,0.0,1340.8599313054672,0.0,0.0,0.0,7308.3503578266345,0.0,0.0,0.0,5077.876788358045,0.0,0.008055555555555555,1907.2959211445695,64088.27384763836,0.0,6408.827384762099
407.0,31.0,0.775,18995046.0,231723.24483132886,0.0,0.0,2457.9534514158922,0.0,0.0,0.0,8591.457543436969,-4.440892098500626e-16,0.0,0.0,6594.1505013468095,-8.881784197001252e-16,0.005,0.0,13868.817582958502,-2.220446049250313e-16,0.0,0.0,8516.675980397962,1.1102230246251565e-15,0.003611111111111111,0.0,5521.8382472798,-2.220446049250313e-16,0.0,0.0,4810.293463312284,-2.220446049250313e-16,0.0,0.0,1340.8599313054672,0.0,0.0,0.0,7308.3503578266345,0.0,0.0,0.0,5077.876788358045,0.0,0.008611111111111111,1907.2959211445695,64088.27384763836,0.0,6408.827384762099
408.0,20.0,0.5128205128205128,18995066.0,231723.75765184168,0.0002777777777777778,0.0,2457.9534514158922,0.0,0.0,0.0,8591.457543436969,-4.440892098500626e-16,0.0,0.0,6594.1505013468095,-8.881784197001252e-16,0.005277777777777778,0.0,13868.817582958502,-2.220446049250313e-16,0.0,0.0,8516.675980397962,1.1102230246251565e-15,0.0,0.0,5521.8382472798,-2.220446049250313e-16,0.0,0.0,4810.293463312284,-2.220446049250313e-16,0.0,0.0,1340.8599313054672,0.0,0.0,0.0,7308.3503578266345,0.0,0.0,0.0,5077.876788358045,0.0,0.005555555555555556,1907.2959211445695,64088.27384763836,0.0,6408.827384762099
409.0,22.0,0.5789473684210527,18995088.0,231724.3365992101,0.0005555555555555556,0.0,2457.9534514158922,0.0,0.0,0.0,8591.457543436969,-4.440892098500626e-16,0.0,0.0,6594.1505013468095,-8.881784197001252e-16,0.005555555555555556,0.0,13868.817582958502,-2.220446049250313e-16,0.0,0.0,8516.675980397962,1.1102230246251565e-15,0.0,0.0,5521.8382472798,-2.220446049250313e-16,0.0,0.0,4810.293463312284,-2.220446049250313e-16,0.0,0.0,1340.8599313054672,0.0,0.0,0.0,7308.3503578266345,0.0,0.0,0.0,5077.876788358045,0.0,0.006111111111111111,1907.2959211445695,64088.27384763836,0.0,6408.827384762099
410.0,24.0,0.631578947368421,18995112.0,231724.96817815746,0.0008333333333333334,0.0,2457.9534514158922,0.0,0.0,0.0,8591.457543436969,-4.440892098500626e-16,0.0,0.0,6594.1505013468095,-8.881784197001252e-16,0.005833333333333334,2.0,13870.817582958502,1.9999999999999998,0.0,0.0,8516.675980397962,1.1102230246251565e-15,0.0,0.0,5521.8382472798,-2.220446049250313e-16,0.0,0.0,4810.293463312284,-2.220446049250313e-16,0.0,0.0,1340.8599313054672,0.0,0.0,0.0,7308.3503578266345,0.0,0.0,0.0,5077.876788358045,0.0,0.006666666666666667,1907.2959211445695,64090.27384763836,0.2,6409.027384762099
411.0,26.0,0.6842105263157895,18995138.0,231725.65238868378,0.0011111111111111111,0.0,2457.9534514158922,0.0,0.0,0.0,8591.457543436969,-4.440892098500626e-16,0.0,0.0,6594.1505013468095,-8.881784197001252e-16,0.006111111111111111,0.0,13870.817582958502,-2.220446049250313e-16,0.0,0.0,8516.675980397962,1.1102230246251565e-15,0.0,0.0,5521.8382472798,-2.220446049250313e-16,0.0,0.0,4810.293463312284,-2.220446049250313e-16,0.0,0.0,1340.8599313054672,0.0,0.0,0.0,7308.3503578266345,0.0,0.0,0.0,5077.876788358045,0.0,0.007222222222222223,1907.2959211445695,64090.27384763836,0.0,6409.027384762099
412.0,28.0,0.7368421052631579,18995166.0,231726.38923078903,0.001388888888888889,0.0,2457.9534514158922,0.0,0.0,0.0,8591.457543436969,-4.440892098500626e-16,0.0,0.0,6594.1505013468095,-8.881784197001252e-16,0.006388888888888889,0.0,13870.817582958502,-2.220446049250313e-16,0.0,0.0,8516.675980397962,1.1102230246251565e-15,0.0,0.0,5521.8382472798,-2.220446049250313e-16,0.0,0.0,4810.293463312284,-2.220446049250313e-16,0.0,0.0,1340.8599313054672,0.0,0.0,2.0,7310.3503578266345,2.0,0.0,0.0,5077.876788358045,0.0,0.007777777777777778,1907.2959211445695,64092.27384763836,0.2,6409.227384762099
413.0,30.0,0.7894736842105263,18995196.0,231727.17870447325,0.0016666666666666668,0.0,2457.9534514158922,0.0,0.0,2.0,8593.457543436969,1.9999999999999996,0.0,0.0,6594.1505013468095,-8.881784197001252e-16,0.006666666666666667,0.0,13870.817582958502,-2.220446049250313e-16,0.0,0.0,8516.675980397962,1.1102230246251565e-15,0.0,0.0,5521.8382472798,-2.220446049250313e-16,0.0,1.999650108726247,4812.29311342101,1.9996501087262468,0.0,0.0,1340.8599313054672,0.0,0.0,0.0,7310.3503578266345,0.0,0.0,0.0,5077.876788358045,0.0,0.008333333333333333,1907.2959211445695,64096.27349774708,0.3999650108726247,6409.627349772972
414.0,32.0,0.8421052631578947,18995228.0,231728.0208097364,0.0019444444444444444,0.0,2457.9534514158922,0.0,0.0,0.0,8593.457543436969,-4.440892098500626e-16,0.0,0.0,6594.1505013468095,-8.881784197001252e-16,0.006944444444444444,0.0,13870.817582958502,-2.220446049250313e-16,0.0,0.0,8516.675980397962,1.1102230246251565e-15,0.0,0.0,5521.8382472798,-2.220446049250313e-16,0.0,0.0,4812.29311342101,-2.220446049250313e-16,0.0,0.0,1340.8599313054672,0.0,0.0,2.0,7312.3503578266345,2.0,0.0,0.0,5077.876788358045,0.0,0.008888888888888889,1907.2959211445695,64098.27349774708,0.2,6409.8273497729715
415.0,34.0,0.8947368421052632,18995262.0,231728.9155465785,0.0022222222222222222,0.0,2457.9534514158922,0.0,0.0,0.0,8593.457543436969,-4.440892098500626e-16,0.0,0.0,6594.1505013468095,-8.881784197001252e-16,0.007222222222222222,0.0,13870.817582958502,-2.220446049250313e-16,0.0,0.0,8516.675980397962,1.1102230246251565e-15,0.0,0.0,5521.8382472798,-2.220446049250313e-16,0.0,0.0,4812.29311342101,-2.220446049250313e-16,0.0,0.0,1340.8599313054672,0.0,0.0,0.0,7312.3503578266345,0.0,0.0,0.0,5077.876788358045,0.0,0.009444444444444445,1907.2959211445695,64098.27349774708,0.0,6409.8273497729715
416.0,27.0,0.7105263157894737,18995289.0,231729.6260728943,0.0,0.0,2457.9534514158922,0.0,0.0,0.0,8593.457543436969,-4.440892098500626e-16,0.0,0.0,6594.1505013468095,-8.881784197001252e-16,0.0075,0.0,13870.817582958502,-2.220446049250313e-16,0.0,0.0,8516.675980397962,1.1102230246251565e-15,0.0,0.0,5521.8382472798,-2.220446049250313e-16,0.0,0.0,4812.29311342101,-2.220446049250313e-16,0.0,0.0,1340.8599313054672,0.0,0.0,0.0,7312.3503578266345,0.0,0.0,0.0,5077.876788358045,0.0,0.0075,1907.2959211445695,64098.27349774708,0.0,6409.8273497729715
417.0,28.0,0.7368421052631579,18995317.0,231730.36291499954,0.0,0.0,2457.9534514158922,0.0,0.0,0.0,8593.457543436969,-4.440892098500626e-16,0.0,0.0,6594.1505013468095,-8.881784197001252e-16,0.0077777777777777776,0.0,13870.817582958502,-2.220446049250313e-16,0.0,0.0,8516.675980397962,1.1102230246251565e-15,0.0,0.0,5521.8382472798,-2.220446049250313e-16,0.0,2.0,4814.29311342101,1.9999999999999998,0.0,0.0,1340.8599313054672,0.0,0.0,0.0,7312.3503578266345,0.0,0.0,2.0,5079.876788358045,2.0,0.0077777777777777776,1907.2959211445695,64102.27349774708,0.4,6410.227349772971
418.0,29.0,0.7631578947368421,18995346.0,231731.1260728943,0.0,0.0,2457.9534514158922,0.0,0.0,0.0,8593.457543436969,-4.440892098500626e-16,0.0,0.0,6594.1505013468095,-8.881784197001252e-16,0.008055555555555555,0.0,13870.817582958502,-2.220446049250313e-16,0.0,0.0,8516.675980397962,1.1102230246251565e-15,0.0,2.0,5523.8382472798,1.9999999999999998,0.0,0.0,4814.29311342101,-2.220446049250313e-16,0.0,0.0,1340.8599313054672,0.0,0.0,0.0,7312.3503578266345,0.0,0.0,0.0,5079.876788358045,0.0,0.008055555555555555,1907.2959211445695,64104.27349774708,0.2,6410.427349772971
419.0,30.0,0.7894736842105263,18995376.0,231731.9155465785,0.0,0.0,2457.9534514158922,0.0,0.0,0.0,8593.457543436969,-4.440892098500626e-16,0.0,0.0,6594.1505013468095,-8.881784197001252e-16,0.008333333333333333,0.0,13870.817582958502,-2.220446049250313e-16,0.0,0.0,8516.675980397962,1.1102230246251565e-15,0.0,0.0,5523.8382472798,-2.220446049250313e-16,0.0,0.0,4814.29311342101,-2.220446049250313e-16,0.0,0.0,1340.8599313054672,0.0,0.0,0.0,7312.3503578266345,0.0,0.0,0.0,5079.876788358045,0.0,0.008333333333333333,1907.2959211445695,64104.27349774708,0.0,6410.427349772971
420.0,31.0,0.8157894736842105,18995407.0,231732.73133605218,0.0,0.0,2457.9534514158922,0.0,0.0,0.0,8593.457543436969,-4.440892098500626e-16,0.0,0.0,6594.1505013468095,-8.881784197001252e-16,0.008611111111111111,0.0,13870.817582958502,-2.220446049250313e-16,0.0,0.0,8516.675980397962,1.1102230246251565e-15,0.0,0.0,5523.8382472798,-2.220446049250313e-16,0.0,0.0,4814.29311342101,-2.220446049250313e-16,0.0,0.0,1340.8599313054672,0.0,0.0,0.0,7312.3503578266345,0.0,0.0,0.0,5079.876788358045,0.0,0.008611111111111111,1907.2959211445695,64104.27349774708,0.0,6410.427349772971
421.0,33.0,0.7333333333333333,18995440.0,231733.46466938552,0.0,0.0,2457.9534514158922,0.0,0.0,0.0,8593.457543436969,-4.440892098500626e-16,0.0,0.0,6594.1505013468095,-8.881784197001252e-16,0.009166666666666667,0.0,13870.817582958502,-2.220446049250313e-16,0.0,0.0,8516.675980397962,1.1102230246251565e-15,0.0,0.0,5523.8382472798,-2.220446049250313e-16,0.0,0.0,4814.29311342101,-2.220446049250313e-16,0.0,0.0,1340.8599313054672,0.0,0.0,0.0,7312.3503578266345,0.0,0.0,0.0,5079.876788358045,0.0,0.009166666666666667,1907.2959211445695,64104.27349774708,0.0,6410.427349772971
422.0,35.0,0.7777777777777778,18995475.0,231734.2424471633,0.0,0.0,2457.9534514158922,0.0,0.0,2.0,8595.457543436969,1.9999999999999996,0.0,0.0,6594.1505013468095,-8.881784197001252e-16,0.009722222222222222,0.0,13870.817582958502,-2.220446049250313e-16,0.0,0.0,8516.675980397962,1.1102230246251565e-15,0.0,2.0,5525.8382472798,1.9999999999999998,0.0,0.0,4814.29311342101,-2.220446049250313e-16,0.0,0.0,1340.8599313054672,0.0,0.0,0.0,7312.3503578266345,0.0,0.0,0.0,5079.876788358045,0.0,0.009722222222222222,1907.2959211445695,64108.27349774708,0.4,6410.827349772971
423.0,34.0,0.7555555555555555,18995509.0,231734.99800271884,0.0,0.0,2457.9534514158922,0.0,0.0,0.0,8595.457543436969,-4.440892098500626e-16,0.0,0.0,6594.1505013468095,-8.881784197001252e-16,0.009444444444444445,0.0,13870.817582958502,-2.220446049250313e-16,0.0,0.0,8516.675980397962,1.1102230246251565e-15,0.0,0.0,5525.8382472798,-2.220446049250313e-16,0.0,0.0,4814.29311342101,-2.220446049250313e-16,0.0,0.0,1340.8599313054672,0.0,0.0,0.0,7312.3503578266345,0.0,0.0,0.0,5079.876788358045,0.0,0.009444444444444445,1907.2959211445695,64108.27349774708,0.0,6410.827349772971
424.0,0.0,0.0,18995509.0,231734.99800271884,0.0,0.0,2457.9534514158922,0.0,0.0,0.0,8595.457543436969,-4.440892098500626e-16,0.0,0.0,6594.1505013468095,-8.881784197001252e-16,0.0,0.0,13870.817582958502,-2.220446049250313e-16,0.0,0.0,8516.675980397962,1.1102230246251565e-15,0.0,0.0,5525.8382472798,-2.220446049250313e-16,0.0,0.0,4814.29311342101,-2.220446049250313e-16,0.0,0.0,1340.8599313054672,0.0,0.0,0.0,7312.3503578266345,0.0,0.0,0.0,5079.876788358045,0.0,0.0,1907.2959211445695,64108.27349774708,0.0,6410.827349772971
425.0,0.0,0.0,18995509.0,231734.99800271884,0.0,2.0,2459.9534514158922,2.0,0.0,0.0,8595.457543436969,-4.440892098500626e-16,0.0,2.0,6596.1505013468095,1.9999999999999991,0.0,0.0,13870.817582958502,-2.220446049250313e-16,0.0,0.0,8516.675980397962,1.1102230246251565e-15,0.0,0.0,5525.8382472798,-2.220446049250313e-16,0.0,0.0,4814.29311342101,-2.220446049250313e-16,0.0,0.0,1340.8599313054672,0.0,0.0,0.0,7312.3503578266345,0.0,0.0,0.0,5079.876788358045,0.0,0.0,1907.2959211445695,64112.27349774708,0.4,6411.22734977297
426.0,0.0,0.0,18995509.0,231734.99800271884,0.0,0.0,2459.9534514158922,0.0,0.0,0.0,8595.457543436969,-4.440892098500626e-16,0.0,0.0,6596.1505013468095,-8.881784197001252e-16,0.0,0.0,13870.817582958502,-2.220446049250313e-16,0.0,0.0,8516.675980397962,1.1102230246251565e-15,0.0,0.0,5525.8382472798,-2.220446049250313e-16,0.0,0.0,4814.29311342101,-2.220446049250313e-16,0.0,0.0,1340.8599313054672,0.0,0.0,0.0,7312.3503578266345,0.0,0.0,0.0,5079.876788358045,0.0,0.0,1907.2959211445695,64112.27349774708,0.0,6411.22734977297
427.0,1.0,0.022727272727272728,18995510.0,231735.02072999158,0.0,0.0,2459.9534514158922,0.0,0.0,0.0,8595.457543436969,-4.440892098500626e-16,0.0,0.0,6596.1505013468095,-8.881784197001252e-16,0.0,2.0,13872.817582958502,1.9999999999999998,0.0,0.0,8516.675980397962,1.1102230246251565e-15,0.0,0.0,5525.8382472798,-2.220446049250313e-16,0.0,0.0,4814.29311342101,-2.220446049250313e-16,0.0,0.0,1340.8599313054672,0.0,0.0,0.0,7312.3503578266345,0.0,0.0,0.0,5079.876788358045,0.0,0.0,1907.2959211445695,64114.27349774708,0.2,6411.42734977297
428.0,0.0,0.0,18995510.0,231735.02072999158,0.0,0.0,2459.9534514158922,0.0,0.0,2.0,8597.457543436969,1.9999999999999996,0.0,0.0,6596.1505013468095,-8.881784197001252e-16,0.0,0.8327637520508497,13873.650346710552,0.8327637520508495,0.0,0.0,8516.675980397962,1.1102230246251565e-15,0.0,0.0,5525.8382472798,-2.220446049250313e-16,0.0,0.0,4814.29311342101,-2.220446049250313e-16,0.0,0.0,1340.8599313054672,0.0,0.0,0.0,7312.3503578266345,0.0,0.0,0.0,5079.876788358045,0.0,0.0,1907.2959211445695,64117.106261499124,0.283276375205085,6411.710626148175
429.0,0.0,0.0,18995510.0,231735.02072999158,0.0,0.0,2459.9534514158922,0.0,0.0,0.0,8597.457543436969,-4.440892098500626e-16,0.0,0.0,6596.1505013468095,-8.881784197001252e-16,0.0,0.0,13873.650346710552,-2.220446049250313e-16,0.0,1.1785911695225033,8517.854571567485,1.1785911695225044,0.0,0.0,5525.8382472798,-2.220446049250313e-16,0.0,0.0,4814.29311342101,-2.220446049250313e-16,0.0,0.0,1340.8599313054672,0.0,0.0,0.0,7312.3503578266345,0.0,0.0,0.0,5079.876788358045,0.0,0.0,1907.2959211445695,64118.28485266866,0.11785911695225033,6411.828485265127
430.0,0.0,0.0,18995510.0,231735.02072999158,0.0,0.0,2459.9534514158922,0.0,0.0,0.0,8597.457543436969,-4.440892098500626e-16,0.0,2.0,6598.1505013468095,1.9999999999999991,0.0,0.0,13873.650346710552,-2.220446049250313e-16,0.0,0.0,8517.854571567485,1.1102230246251565e-15,0.0,0.0,5525.8382472798,-2.220446049250313e-16,0.0,0.0,4814.29311342101,-2.220446049250313e-16,0.0,0.0,1340.8599313054672,0.0,0.0,0.0,7312.3503578266345,0.0,0.0,0.0,5079.876788358045,0.0,0.0,1907.2959211445695,64120.28485266866,0.2,6412.028485265127
431.0,0.0,0.0,18995510.0,231735.02072999158,0.0,0.0,2459.9534514158922,0.0,0.0,0.0,8597.457543436969,-4.440892098500626e-16,0.0,0.0,6598.1505013468095,-8.881784197001252e-16,0.0,0.0,13873.650346710552,-2.220446049250313e-16,0.0,0.0,8517.854571567485,1.1102230246251565e-15,0.0,0.0,5525.8382472798,-2.220446049250313e-16,0.0,0.0,4814.29311342101,-2.220446049250313e-16,0.0,0.0,1340.8599313054672,0.0,0.0,0.0,7312.3503578266345,0.0,0.0,0.0,5079.876788358045,0.0,0.0,1907.2959211445695,64120.28485266866,0.0,6412.028485265127
432.0,0.0,0.0,18995510.0,231735.02072999158,0.0,0.0,2459.9534514158922,0.0,0.0,0.0,8597.457543436969,-4.440892098500626e-16,0.0,0.0,6598.1505013468095,-8.881784197001252e-16,0.0,0.0,13873.650346710552,-2.220446049250313e-16,0.0,0.0,8517.854571567485,1.1102230246251565e-15,0.0,0.0,5525.8382472798,-2.220446049250313e-16,0.0,0.0,4814.29311342101,-2.220446049250313e-16,0.0,0.0,1340.8599313054672,0.0,0.0,0.0,7312.3503578266345,0.0,0.0,0.0,5079.876788358045,0.0,0.0,1907.2959211445695,64120.28485266866,0.0,6412.028485265127
433.0,0.0,0.0,18995510.0,231735.02072999158,0.0,0.0,2459.9534514158922,0.0,0.0,0.0,8597.457543436969,-4.440892098500626e-16,0.0,0.0,6598.1505013468095,-8.881784197001252e-16,0.0,0.0,13873.650346710552,-2.220446049250313e-16,0.0,0.0,8517.854571567485,1.1102230246251565e-15,0.0,0.0,5525.8382472798,-2.220446049250313e-16,0.0,0.0,4814.29311342101,-2.220446049250313e-16,0.0,0.0,1340.8599313054672,0.0,0.0,0.0,7312.3503578266345,0.0,0.0,0.0,5079.876788358045,0.0,0.0,1907.2959211445695,64120.28485266866,0.0,6412.028485265127
434.0,0.0,0.0,18995510.0,231735.02072999158,0.0,0.0,2459.9534514158922,0.0,0.0,0.0,8597.457543436969,-4.440892098500626e-16,0.0,0.0,6598.1505013468095,-8.881784197001252e-16,0.0,0.0,13873.650346710552,-2.220446049250313e-16,0.0,0.0,8517.854571567485,1.1102230246251565e-15,0.0,0.0,5525.8382472798,-2.220446049250313e-16,0.0,0.0,4814.29311342101,-2.220446049250313e-16,0.0,0.0,1340.8599313054672,0.0,0.0,0.0,7312.3503578266345,0.0,0.0,0.0,5079.876788358045,0.0,0.0,1907.2959211445695,64120.28485266866,0.0,6412.028485265127
435.0,0.0,0.0,18995510.0,231735.02072999158,0.0,0.0,2459.9534514158922,0.0,0.0,0.0,8597.457543436969,-4.440892098500626e-16,0.0,0.0,6598.1505013468095,-8.881784197001252e-16,0.0,0.0,13873.650346710552,-2.220446049250313e-16,0.0,1.15,8519.004571567484,1.150000000000001,0.0,0.0,5525.8382472798,-2.220446049250313e-16,0.0,0.0,4814.29311342101,-2.220446049250313e-16,0.0,0.0,1340.8599313054672,0.0,0.0,0.0,7312.3503578266345,0.0,0.0,0.0,5079.876788358045,0.0,0.0,1907.2959211445695,64121.43485266865,0.11499999999999999,6412.143485265126
436.0,0.0,0.0,18995510.0,231735.02072999158,0.0,0.0,2459.9534514158922,0.0,0.0,0.0,8597.457543436969,-4.440892098500626e-16,0.0,0.0,6598.1505013468095,-8.881784197001252e-16,0.0,0.0,13873.650346710552,-2.220446049250313e-16,0.0,0.0,8519.004571567484,1.1102230246251565e-15,0.0,0.0,5525.8382472798,-2.220446049250313e-16,0.0,0.0,4814.29311342101,-2.220446049250313e-16,0.0,0.0,1340.8599313054672,0.0,0.0,2.0,7314.3503578266345,2.0,0.0,0.0,5079.876788358045,0.0,0.0,1907.2959211445695,64123.43485266865,0.2,6412.343485265126
437.0,0.0,0.0,18995510.0,231735.02072999158,0.0,0.0,2459.9534514158922,0.0,0.0,0.0,8597.457543436969,-4.440892098500626e-16,0.0,0.0,6598.1505013468095,-8.881784197001252e-16,0.0,2.0,13875.650346710552,1.9999999999999998,0.0,0.0,8519.004571567484,1.1102230246251565e-15,0.0,0.0,5525.8382472798,-2.220446049250313e-16,0.0,0.0,4814.29311342101,-2.220446049250313e-16,0.0,0.0,1340.8599313054672,0.0,0.0,0.0,7314.3503578266345,0.0,0.0,0.0,5079.876788358045,0.0,0.0,1907.2959211445695,64125.43485266865,0.2,6412.543485265126
438.0,0.0,0.0,18995510.0,231735.02072999158,0.0,0.0,2459.9534514158922,0.0,0.0,0.0,8597.457543436969,-4.440892098500626e-16,0.0,0.0,6598.1505013468095,-8.881784197001252e-16,0.0,0.0,13875.650346710552,-2.220446049250313e-16,0.0,0.0,8519.004571567484,1.1102230246251565e-15,0.0,0.0,5525.8382472798,-2.220446049250313e-16,0.0,0.0,4814.29311342101,-2.220446049250313e-16,0.0,0.0,1340.8599313054672,0.0,0.0,0.0,7314.3503578266345,0.0,0.0,0.0,5079.876788358045,0.0,0.0,1907.2959211445695,64125.43485266865,0.0,6412.543485265126
439.0,0.0,0.0,18995510.0,231735.02072999158,0.0,0.0,2459.9534514158922,0.0,0.0,0.0,8597.457543436969,-4.440892098500626e-16,0.0,0.0,6598.1505013468095,-8.881784197001252e-16,0.0,0.0,13875.650346710552,-2.220446049250313e-16,0.0,0.0,8519.004571567484,1.1102230246251565e-15,0.0,0.0,5525.8382472798,-2.220446049250313e-16,0.0,0.0,4814.29311342101,-2.220446049250313e-16,0.0,0.0,1340.8599313054672,0.0,0.0,0.0,7314.3503578266345,0.0,0.0,0.0,5079.876788358045,0.0,0.0,1907.2959211445695,64125.43485266865,0.0,6412.543485265126
440.0,0.0,0.0,18995510.0,231735.02072999158,0.0,0.0,2459.9534514158922,0.0,0.0,0.0,8597.457543436969,-4.440892098500626e-16,0.0,0.0,6598.1505013468095,-8.881784197001252e-16,0.0,0.0,13875.650346710552,-2.220446049250313e-16,0.0,0.0,8519.004571567484,1.1102230246251565e-15,0.0,0.0,5525.8382472798,-2.220446049250313e-16,0.0,0.0,4814.29311342101,-2.220446049250313e-16,0.0,0.0,1340.8599313054672,0.0,0.0,0.0,7314.3503578266345,0.0,0.0,0.0,5079.876788358045,0.0,0.0,1907.2959211445695,64125.43485266865,0.0,6412.543485265126
441.0,0.0,0.0,18995510.0,231735.02072999158,0.0,0.0,2459.9534514158922,0.0,0.0,0.0,8597.457543436969,-4.440892098500626e-16,0.0,0.0,6598.1505013468095,-8.881784197001252e-16,0.0,2.0,13877.650346710552,1.9999999999999998,0.0,0.0,8519.004571567484,1.1102230246251565e-15,0.0,0.0,5525.8382472798,-2.220446049250313e-16,0.0,0.0,4814.29311342101,-2.220446049250313e-16,0.0,0.0,1340.8599313054672,0.0,0.0,0.0,7314.3503578266345,0.0,0.0,0.0,5079.876788358045,0.0,0.0,1907.2959211445695,64127.43485266865,0.2,6412.743485265126
442.0,0.0,0.0,18995510.0,231735.02072999158,0.0,0.0,2459.9534514158922,0.0,0.0,0.0,8597.457543436969,-4.440892098500626e-16,0.0,0.0,6598.1505013468095,-8.881784197001252e-16,0.0,0.0,13877.650346710552,-2.220446049250313e-16,0.0,0.0,8519.004571567484,1.1102230246251565e-15,0.0,0.0,5525.8382472798,-2.220446049250313e-16,0.0,0.0,4814.29311342101,-2.220446049250313e-16,0.0,0.0,1340.8599313054672,0.0,0.0,2.0,7316.3503578266345,2.0,0.0,0.0,5079.876788358045,0.0,0.0,1907.2959211445695,64129.43485266865,0.2,6412.943485265126
443.0,1.0,0.024390243902439025,18995511.0,231735.04512023547,0.0,0.0,2459.9534514158922,0.0,0.0,0.0,8597.457543436969,-4.440892098500626e-16,0.0,0.0,6598.1505013468095,-8.881784197001252e-16,0.0002777777777777778,0.0,13877.650346710552,-2.220446049250313e-16,0.0,0.0,8519.004571567484,1.1102230246251565e-15,0.0,0.0,5525.8382472798,-2.220446049250313e-16,0.0,0.18544160170774648,4814.478555022718,0.18544160170774626,0.0,0.0,1340.8599313054672,0.0,0.0,0.0,7316.3503578266345,0.0,0.0,0.0,5079.876788358045,0.0,0.0002777777777777778,1907.2959211445695,64129.62029427036,0.01854416017077465,6412.962029425296
444.0,2.0,0.04878048780487805,18995513.0,231735.09390072327,0.0,0.0,2459.9534514158922,0.0,0.0,0.0,8597.457543436969,-4.440892098500626e-16,0.0,0.0,6598.1505013468095,-8.881784197001252e-16,0.0005555555555555556,0.0,13877.650346710552,-2.220446049250313e-16,0.0,0.0,8519.004571567484,1.1102230246251565e-15,0.0,0.0,5525.8382472798,-2.220446049250313e-16,0.0,0.0,4814.478555022718,-2.220446049250313e-16,0.0,0.0,1340.8599313054672,0.0,0.0,2.0,7318.3503578266345,2.0,0.0,2.0,5081.876788358045,2.0,0.0005555555555555556,1907.2959211445695,64133.62029427036,0.4,6413.362029425296
445.0,3.0,0.07317073170731707,18995516.0,231735.16707145498,0.0,0.0,2459.9534514158922,0.0,0.0,0.0,8597.457543436969,-4.440892098500626e-16,0.0,2.0,6600.1505013468095,1.9999999999999991,0.0008333333333333334,0.0,13877.650346710552,-2.220446049250313e-16,0.0,0.0,8519.004571567484,1.1102230246251565e-15,0.0,0.0,5525.8382472798,-2.220446049250313e-16,0.0,0.0,4814.478555022718,-2.220446049250313e-16,0.0,0.0,1340.8599313054672,0.0,0.0,0.0,7318.3503578266345,0.0,0.0,2.0,5083.876788358045,2.0,0.0008333333333333334,1907.2959211445695,64137.62029427036,0.4,6413.762029425296
446.0,5.0,0.12195121951219512,18995521.0,231735.2890226745,0.0,0.0,2459.9534514158922,0.0,0.0,0.0,8597.457543436969,-4.440892098500626e-16,0.0,0.0,6600.1505013468095,-8.881784197001252e-16,0.0011111111111111111,0.0,13877.650346710552,-2.220446049250313e-16,0.0,0.0,8519.004571567484,1.1102230246251565e-15,0.0,0.0,5525.8382472798,-2.220446049250313e-16,0.0,0.0,4814.478555022718,-2.220446049250313e-16,0.0,0.0,1340.8599313054672,0.0,0.0,0.0,7318.3503578266345,0.0,0.0,0.0,5083.876788358045,0.0,0.0011111111111111111,1907.2959211445695,64137.62029427036,0.0,6413.762029425296
447.0,9.0,0.225,18995530.0,231735.5140226745,0.0,0.0,2459.9534514158922,0.0,0.0,0.0,8597.457543436969,-4.440892098500626e-16,0.0,0.0,6600.1505013468095,-8.881784197001252e-16,0.001388888888888889,0.0,13877.650346710552,-2.220446049250313e-16,0.0,0.0,8519.004571567484,1.1102230246251565e-15,0.0,0.0,5525.8382472798,-2.220446049250313e-16,0.0,0.0,4814.478555022718,-2.220446049250313e-16,0.0,0.0,1340.8599313054672,0.0,0.0,0.0,7318.3503578266345,0.0,0.0,0.0,5083.876788358045,0.0,0.001388888888888889,1907.2959211445695,64137.62029427036,0.0,6413.762029425296
448.0,16.0,0.4,18995546.0,231735.9140226745,0.0,0.0,2459.9534514158922,0.0,0.0,0.0,8597.457543436969,-4.440892098500626e-16,0.0,0.0,6600.1505013468095,-8.881784197001252e-16,0.0016666666666666668,0.0,13877.650346710552,-2.220446049250313e-16,0.0,0.0,8519.004571567484,1.1102230246251565e-15,0.0,0.0,5525.8382472798,-2.220446049250313e-16,0.0,0.0,4814.478555022718,-2.220446049250313e-16,0.0,0.0,1340.8599313054672,0.0,0.0,0.0,7318.3503578266345,0.0,0.0,0.0,5083.876788358045,0.0,0.0016666666666666668,1907.2959211445695,64137.62029427036,0.0,6413.762029425296
449.0,23.0,0.575,18995569.0,231736.4890226745,0.0,0.0,2459.9534514158922,0.0,0.0,0.0,8597.457543436969,-4.440892098500626e-16,0.0,0.0,6600.1505013468095,-8.881784197001252e-16,0.0019444444444444444,0.0,13877.650346710552,-2.220446049250313e-16,0.0,0.0,8519.004571567484,1.1102230246251565e-15,0.0,0.0,5525.8382472798,-2.220446049250313e-16,0.0,2.0,4816.478555022718,1.9999999999999998,0.0,0.0,1340.8599313054672,0.0,0.0,0.0,7318.3503578266345,0.0,0.0,0.0,5083.876788358045,0.0,0.0019444444444444444,1907.2959211445695,64139.62029427036,0.2,6413.962029425295
450.0,30.0,0.75,18995599.0,231737.2390226745,0.0,0.0,2459.9534514158922,0.0,0.0,0.0,8597.457543436969,-4.440892098500626e-16,0.0,0.0,6600.1505013468095,-8.881784197001252e-16,0.0022222222222222222,0.0,13877.650346710552,-2.220446049250313e-16,0.0,0.0,8519.004571567484,1.1102230246251565e-15,0.0,0.0,5525.8382472798,-2.220446049250313e-16,0.0,0.0,4816.478555022718,-2.220446049250313e-16,0.0,0.0,1340.8599313054672,0.0,0.0,0.0,7318.3503578266345,0.0,0.0,0.0,5083.876788358045,0.0,0.0022222222222222222,1907.2959211445695,64139.62029427036,0.0,6413.962029425295
451.0,9.0,0.1956521739130435,18995608.0,231737.43467484842,0.0,0.0,2459.9534514158922,0.0,0.0,0.0,8597.457543436969,-4.440892098500626e-16,0.0,0.0,6600.1505013468095,-8.881784197001252e-16,0.0025,0.0,13877.650346710552,-2.220446049250313e-16,0.0,0.0,8519.004571567484,1.1102230246251565e-15,0.0,0.0,5525.8382472798,-2.220446049250313e-16,0.0,0.0,4816.478555022718,-2.220446049250313e-16,0.0,0.0,1340.8599313054672,0.0,0.0,0.0,7318.3503578266345,0.0,0.0,0.0,5083.876788358045,0.0,0.0025,1907.2959211445695,64139.62029427036,0.0,6413.962029425295
452.0,10.0,0.21739130434782608,18995618.0,231737.65206615278,0.0,1.457032079220095,2461.410483495112,1.457032079220095,0.0,2.0,8599.457543436969,1.9999999999999996,0.0,0.0,6600.1505013468095,-8.881784197001252e-16,0.002777777777777778,0.0,13877.650346710552,-2.220446049250313e-16,0.0,0.0,8519.004571567484,1.1102230246251565e-15,0.0,2.0,5527.8382472798,1.9999999999999998,0.0,0.0,4816.478555022718,-2.220446049250313e-16,0.0,0.0,1340.8599313054672,0.0,0.0,0.0,7318.3503578266345,0.0,0.0,0.0,5083.876788358045,0.0,0.002777777777777778,1907.2959211445695,64145.07732634959,0.5457032079220095,6414.5077326332175
453.0,11.0,0.2391304347826087,18995629.0,231737.89119658756,0.0,0.0,2461.410483495112,0.0,0.0,0.0,8599.457543436969,-4.440892098500626e-16,0.0,0.0,6600.1505013468095,-8.881784197001252e-16,0.0030555555555555557,0.0,13877.650346710552,-2.220446049250313e-16,0.0,0.0,8519.004571567484,1.1102230246251565e-15,0.0,0.0,5527.8382472798,-2.220446049250313e-16,0.0,0.0,4816.478555022718,-2.220446049250313e-16,0.0,0.0,1340.8599313054672,0.0,0.0,0.0,7318.3503578266345,0.0,0.0,0.0,5083.876788358045,0.0,0.0030555555555555557,1907.2959211445695,64145.07732634959,0.0,6414.5077326332175
454.0,12.0,0.2608695652173913,18995641.0,231738.15206615278,0.0,0.0,2461.410483495112,0.0,0.0,2.0,8601.457543436969,1.9999999999999996,0.0,0.0,6600.1505013468095,-8.881784197001252e-16,0.0033333333333333335,0.0,13877.650346710552,-2.220446049250313e-16,0.0,0.0,8519.004571567484,1.1102230246251565e-15,0.0,0.0,5527.8382472798,-2.220446049250313e-16,0.0,0.0,4816.478555022718,-2.220446049250313e-16,0.0,0.0,1340.8599313054672,0.0,0.0,0.0,7318.3503578266345,0.0,0.0,0.0,5083.876788358045,0.0,0.0033333333333333335,1907.2959211445695,64147.07732634959,0.2,6414.707732633217
455.0,13.0,0.2826086956521739,18995654.0,231738.43467484842,0.0,0.0,2461.410483495112,0.0,0.0,0.0,8601.457543436969,-4.440892098500626e-16,0.0,-1.05,6599.100501346809,-1.050000000000001,0.003611111111111111,0.0,13877.650346710552,-2.220446049250313e-16,0.0,0.0,8519.004571567484,1.1102230246251565e-15,0.0,0.0,5527.8382472798,-2.220446049250313e-16,0.0,0.0,4816.478555022718,-2.220446049250313e-16,0.0,0.0,1340.8599313054672,0.0,0.0,0.0,7318.3503578266345,0.0,0.0,0.0,5083.876788358045,0.0,0.003611111111111111,1908.3459211445695,64146.027326349584,-0.10500000000000001,6414.602732633218
456.0,15.0,0.3333333333333333,18995669.0,231738.76800818177,0.0,0.0,2461.410483495112,0.0,0.0,0.0,8601.457543436969,-4.440892098500626e-16,0.0,1.4434097900500489,6600.54391113686,1.4434097900500482,0.0038888888888888888,0.0,13877.650346710552,-2.220446049250313e-16,0.0002777777777777778,0.0,8519.004571567484,1.1102230246251565e-15,0.0,0.0,5527.8382472798,-2.220446049250313e-16,0.0,0.0,4816.478555022718,-2.220446049250313e-16,0.0,0.0,1340.8599313054672,0.0,0.0,0.0,7318.3503578266345,0.0,0.0,0.0,5083.876788358045,0.0,0.004166666666666667,1908.3459211445695,64147.470736139636,0.1443409790050049,6414.747073612223
457.0,18.0,0.4090909090909091,18995687.0,231739.17709909086,0.0,0.0,2461.410483495112,0.0,0.0,0.0,8601.457543436969,-4.440892098500626e-16,0.0,0.0,6600.54391113686,-6.661338147750939e-16,0.004166666666666667,0.0,13877.650346710552,-2.220446049250313e-16,0.0008333333333333334,2.0,8521.004571567484,2.000000000000001,0.0,0.0,5527.8382472798,-2.220446049250313e-16,0.0,0.0,4816.478555022718,-2.220446049250313e-16,0.0,0.0,1340.8599313054672,0.0,0.0,0.0,7318.3503578266345,0.0,0.0,0.0,5083.876788358045,0.0,0.005,1908.3459211445695,64149.470736139636,0.2,6414.947073612223
458.0,21.0,0.4883720930232558,18995708.0,231739.6654711839,0.0,0.0,2461.410483495112,0.0,0.0,0.0,8601.457543436969,-4.440892098500626e-16,0.0,0.0,6600.54391113686,-6.661338147750939e-16,0.0044444444444444444,0.0,13877.650346710552,-2.220446049250313e-16,0.001388888888888889,0.0,8521.004571567484,8.881784197001252e-16,0.0,0.0,5527.8382472798,-2.220446049250313e-16,0.0,0.0,4816.478555022718,-2.220446049250313e-16,0.0,0.0,1340.8599313054672,0.0,0.0,0.0,7318.3503578266345,0.0,0.0,0.0,5083.876788358045,0.0,0.005833333333333334,1908.3459211445695,64149.470736139636,0.0,6414.947073612223
459.0,25.0,0.5813953488372093,18995733.0,231740.24686653272,0.0,0.0,2461.410483495112,0.0,0.0,0.0,8601.457543436969,-4.440892098500626e-16,0.0,0.0,6600.54391113686,-6.661338147750939e-16,0.004722222222222222,2.0,13879.650346710552,1.9999999999999998,0.0019444444444444444,0.0,8521.004571567484,8.881784197001252e-16,0.0,0.0,5527.8382472798,-2.220446049250313e-16,0.0,0.0,4816.478555022718,-2.220446049250313e-16,0.0,0.0,1340.8599313054672,0.0,0.0,0.0,7318.3503578266345,0.0,0.0,0.0,5083.876788358045,0.0,0.006666666666666666,1908.3459211445695,64151.470736139636,0.2,6415.147073612223
460.0,29.0,0.6744186046511628,18995762.0,231740.92128513736,0.0,0.0,2461.410483495112,0.0,0.0,0.0,8601.457543436969,-4.440892098500626e-16,0.0,0.0,6600.54391113686,-6.661338147750939e-16,0.005,0.0,13879.650346710552,-2.220446049250313e-16,0.0025,0.0,8521.004571567484,8.881784197001252e-16,0.0,0.0,5527.8382472798,-2.220446049250313e-16,0.0,0.0,4816.478555022718,-2.220446049250313e-16,0.0,0.0,1340.8599313054672,0.0,0.0,0.0,7318.3503578266345,0.0,0.0,0.0,5083.876788358045,0.0,0.0075,1908.3459211445695,64151.470736139636,0.0,6415.147073612223
461.0,33.0,0.7674418604651163,18995795.0,231741.68872699782,0.0,0.0,2461.410483495112,0.0,0.0,0.0,8601.457543436969,-4.440892098500626e-16,0.0,0.0,6600.54391113686,-6.661338147750939e-16,0.005277777777777778,1.1315377822631512,13880.781884492815,1.131537782263151,0.0030555555555555557,1.966759077367984,8522.971330644852,1.9667590773679848,0.0,0.0,5527.8382472798,-2.220446049250313e-16,0.0,0.0,4816.478555022718,-2.220446049250313e-16,0.0,0.0,1340.8599313054672,0.0,0.0,0.0,7318.3503578266345,0.0,0.0,0.0,5083.876788358045,0.0,0.008333333333333333,1908.3459211445695,64154.56903299927,0.3098296859631135,6415.456903298186
462.0,33.0,0.7674418604651163,18995828.0,231742.45616885828,0.0,0.0,2461.410483495112,0.0,0.0,0.0,8601.457543436969,-4.440892098500626e-16,0.0,0.0,6600.54391113686,-6.661338147750939e-16,0.005555555555555556,2.0,13882.781884492815,1.9999999999999998,0.003611111111111111,0.0,8522.971330644852,8.881784197001252e-16,0.0,0.0,5527.8382472798,-2.220446049250313e-16,0.0,0.0,4816.478555022718,-2.220446049250313e-16,0.0,0.0,1340.8599313054672,0.0,0.0,2.0,7320.3503578266345,2.0,0.0,0.0,5083.876788358045,0.0,0.009166666666666667,1908.3459211445695,64158.56903299927,0.4,6415.856903298186
463.0,36.0,0.8372093023255814,18995864.0,231743.2933781606,0.0,0.0,2461.410483495112,0.0,0.0,0.0,8601.457543436969,-4.440892098500626e-16,0.0,0.0,6600.54391113686,-6.661338147750939e-16,0.005833333333333334,0.0,13882.781884492815,-2.220446049250313e-16,0.004166666666666667,0.0,8522.971330644852,8.881784197001252e-16,0.0,0.0,5527.8382472798,-2.220446049250313e-16,0.0,0.0,4816.478555022718,-2.220446049250313e-16,0.0,0.0,1340.8599313054672,0.0,0.0,0.0,7320.3503578266345,0.0,0.0,0.0,5083.876788358045,0.0,0.01,1908.3459211445695,64158.56903299927,0.0,6415.856903298186
464.0,41.0,0.9534883720930233,18995905.0,231744.2468665327,0.0,0.0,2461.410483495112,0.0,0.0,0.0,8601.457543436969,-4.440892098500626e-16,0.0,0.0,6600.54391113686,-6.661338147750939e-16,0.006111111111111111,0.0,13882.781884492815,-2.220446049250313e-16,0.004722222222222222,0.0,8522.971330644852,8.881784197001252e-16,0.0,0.0,5527.8382472798,-2.220446049250313e-16,0.0,0.0,4816.478555022718,-2.220446049250313e-16,0.0002777777777777778,0.0,1340.8599313054672,0.0,0.0,0.0,7320.3503578266345,0.0,0.0,0.0,5083.876788358045,0.0,0.011111111111111112,1908.3459211445695,64158.56903299927,0.0,6415.856903298186
465.0,42.0,0.9767441860465116,18995947.0,231745.22361071873,0.0,0.0,2461.410483495112,0.0,0.0,0.0,8601.457543436969,-4.440892098500626e-16,0.0,0.0,6600.54391113686,-6.661338147750939e-16,0.006388888888888889,2.0,13884.781884492815,1.9999999999999998,0.005277777777777778,0.0,8522.971330644852,8.881784197001252e-16,0.0,0.0,5527.8382472798,-2.220446049250313e-16,0.0,0.0,4816.478555022718,-2.220446049250313e-16,0.0,0.0,1340.8599313054672,0.0,0.0,0.0,7320.3503578266345,0.0,0.0,0.0,5083.876788358045,0.0,0.011666666666666667,1908.3459211445695,64160.56903299927,0.2,6416.056903298186
466.0,45.0,1.0465116279069768,18995992.0,231746.27012234664,0.0,0.0,2461.410483495112,0.0,0.0,2.0,8603.457543436969,1.9999999999999996,0.0,0.0,6600.54391113686,-6.661338147750939e-16,0.006666666666666667,0.0,13884.781884492815,-2.220446049250313e-16,0.005833333333333334,0.0,8522.971330644852,8.881784197001252e-16,0.0,0.0,5527.8382472798,-2.220446049250313e-16,0.0,0.0,4816.478555022718,-2.220446049250313e-16,0.0,0.0,1340.8599313054672,0.0,0.0,0.0,7320.3503578266345,0.0,0.0,0.0,5083.876788358045,0.0,0.0125,1908.3459211445695,64162.56903299927,0.2,6416.2569032981855
467.0,48.0,1.1162790697674418,18996040.0,231747.3864014164,0.0,0.0,2461.410483495112,0.0,0.0,0.0,8603.457543436969,-4.440892098500626e-16,0.0,0.0,6600.54391113686,-6.661338147750939e-16,0.006944444444444444,0.0,13884.781884492815,-2.220446049250313e-16,0.006388888888888889,0.0,8522.971330644852,8.881784197001252e-16,0.0,0.0,5527.8382472798,-2.220446049250313e-16,0.0,0.0,4816.478555022718,-2.220446049250313e-16,0.0,0.0,1340.8599313054672,0.0,0.0,0.0,7320.3503578266345,0.0,0.0,0.0,5083.876788358045,0.0,0.013333333333333332,1908.3459211445695,64162.56903299927,0.0,6416.2569032981855
468.0,51.0,1.186046511627907,18996091.0,231748.57244792805,0.0,0.0,2461.410483495112,0.0,0.0,0.0,8603.457543436969,-4.440892098500626e-16,0.0,0.0,6600.54391113686,-6.661338147750939e-16,0.007222222222222222,0.0,13884.781884492815,-2.220446049250313e-16,0.006944444444444444,0.0,8522.971330644852,8.881784197001252e-16,0.0,0.0,5527.8382472798,-2.220446049250313e-16,0.0,0.0,4816.478555022718,-2.220446049250313e-16,0.0,0.0,1340.8599313054672,0.0,0.0,0.0,7320.3503578266345,0.0,0.0,0.0,5083.876788358045,0.0,0.014166666666666666,1908.3459211445695,64162.56903299927,0.0,6416.2569032981855
469.0,54.0,1.255813953488372,18996145.0,231749.82826188154,0.0,0.0,2461.410483495112,0.0,0.0,0.0,8603.457543436969,-4.440892098500626e-16,0.0,0.0,6600.54391113686,-6.661338147750939e-16,0.0075,0.0,13884.781884492815,-2.220446049250313e-16,0.0075,0.0,8522.971330644852,8.881784197001252e-16,0.0,0.0,5527.8382472798,-2.220446049250313e-16,0.0,2.0,4818.478555022718,1.9999999999999998,0.0,0.0,1340.8599313054672,0.0,0.0,0.0,7320.3503578266345,0.0,0.0,0.0,5083.876788358045,0.0,0.015,1908.3459211445695,64164.56903299927,0.2,6416.456903298185
470.0,57.0,1.3255813953488371,18996202.0,231751.1538432769,0.0,0.0,2461.410483495112,0.0,0.0,0.0,8603.457543436969,-4.440892098500626e-16,0.0,0.0,6600.54391113686,-6.661338147750939e-16,0.0077777777777777776,2.0,13886.781884492815,1.9999999999999998,0.008055555555555555,0.0,8522.971330644852,8.881784197001252e-16,0.0,0.0,5527.8382472798,-2.220446049250313e-16,0.0,0.0,4818.478555022718,-2.220446049250313e-16,0.0,0.0,1340.8599313054672,0.0,0.0,0.0,7320.3503578266345,0.0,0.0,0.0,5083.876788358045,0.0,0.01583333333333333,1908.3459211445695,64166.56903299927,0.2,6416.656903298185
471.0,60.0,1.3953488372093024,18996262.0,231752.54919211412,0.0,0.0,2461.410483495112,0.0,0.0,0.0,8603.457543436969,-4.440892098500626e-16,0.0,0.0,6600.54391113686,-6.661338147750939e-16,0.008055555555555555,0.0,13886.781884492815,-2.220446049250313e-16,0.008611111111111111,0.0,8522.971330644852,8.881784197001252e-16,0.0,0.0,5527.8382472798,-2.220446049250313e-16,0.0,0.0,4818.478555022718,-2.220446049250313e-16,0.0,0.0,1340.8599313054672,0.0,0.0,0.0,7320.3503578266345,0.0,0.0,0.0,5083.876788358045,0.0,0.016666666666666666,1908.3459211445695,64166.56903299927,0.0,6416.656903298185
472.0,63.0,1.4651162790697674,18996325.0,231754.0143083932,0.0,0.0,2461.410483495112,0.0,0.0,0.0,8603.457543436969,-4.440892098500626e-16,0.0,0.0,6600.54391113686,-6.661338147750939e-16,0.008333333333333333,0.0,13886.781884492815,-2.220446049250313e-16,0.009166666666666667,0.0,8522.971330644852,8.881784197001252e-16,0.0,0.0,5527.8382472798,-2.220446049250313e-16,0.0,0.0,4818.478555022718,-2.220446049250313e-16,0.0,0.0,1340.8599313054672,0.0,0.0,0.0,7320.3503578266345,0.0,0.0,0.0,5083.876788358045,0.0,0.0175,1908.3459211445695,64166.56903299927,0.0,6416.656903298185
473.0,67.0,1.558139534883721,18996392.0,231755.57244792808,0.0,0.0,2461.410483495112,0.0,0.0,0.0,8603.457543436969,-4.440892098500626e-16,0.0,0.0,6600.54391113686,-6.661338147750939e-16,0.008611111111111111,0.0,13886.781884492815,-2.220446049250313e-16,0.009722222222222222,0.0,8522.971330644852,8.881784197001252e-16,0.0,0.0,5527.8382472798,-2.220446049250313e-16,0.0,0.0,4818.478555022718,-2.220446049250313e-16,0.0,0.0,1340.8599313054672,0.0,0.0,0.0,7320.3503578266345,0.0,0.0,0.0,5083.876788358045,0.0,0.018333333333333333,1908.3459211445695,64166.56903299927,0.0,6416.656903298185
474.0,71.0,1.7317073170731707,18996463.0,231757.30415524516,0.0,0.0,2461.410483495112,0.0,0.0,0.0,8603.457543436969,-4.440892098500626e-16,0.0,0.0,6600.54391113686,-6.661338147750939e-16,0.008888888888888889,0.0,13886.781884492815,-2.220446049250313e-16,0.010277777777777778,0.0,8522.971330644852,8.881784197001252e-16,0.0,0.0,5527.8382472798,-2.220446049250313e-16,0.0,0.0,4818.478555022718,-2.220446049250313e-16,0.0,0.0,1340.8599313054672,0.0,0.0,2.0,7322.3503578266345,2.0,0.0,0.0,5083.876788358045,0.0,0.019166666666666665,1908.3459211445695,64168.56903299927,0.2,6416.856903298185
475.0,75.0,1.829268292682927,18996538.0,231759.13342353783,0.0,0.0,2461.410483495112,0.0,0.0,0.0,8603.457543436969,-4.440892098500626e-16,0.0,0.0,6600.54391113686,-6.661338147750939e-16,0.009166666666666667,0.0,13886.781884492815,-2.220446049250313e-16,0.010833333333333334,0.0,8522.971330644852,8.881784197001252e-16,0.0,1.6000910259482088,5529.438338305748,1.6000910259482086,0.0,0.0,4818.478555022718,-2.220446049250313e-16,0.0,0.0,1340.8599313054672,0.0,0.0,-0.024121568754148545,7322.326236257881,-0.024121568754148726,0.0,0.0,5083.876788358045,0.0,0.02,1908.3700427133238,64170.14500245647,0.15759694571940602,6417.014500243904
476.0,80.0,1.951219512195122,18996618.0,231761.08464305004,0.0,0.0,2461.410483495112,0.0,0.0,0.0,8603.457543436969,-4.440892098500626e-16,0.0,0.0,6600.54391113686,-6.661338147750939e-16,0.009444444444444445,0.0,13886.781884492815,-2.220446049250313e-16,0.01138888888888889,0.0,8522.971330644852,8.881784197001252e-16,0.0,0.0,5529.438338305748,-2.220446049250313e-16,0.0,0.0,4818.478555022718,-2.220446049250313e-16,0.0,0.0,1340.8599313054672,0.0,0.0,0.0,7322.326236257881,-1.8041124150158794e-16,0.0,2.0,5085.876788358045,2.0,0.020833333333333336,1908.3700427133238,64172.14500245647,0.2,6417.214500243904
477.0,85.0,2.073170731707317,18996703.0,231763.15781378176,0.0,0.0,2461.410483495112,0.0,0.0,0.0,8603.457543436969,-4.440892098500626e-16,0.0,0.0,6600.54391113686,-6.661338147750939e-16,0.009722222222222222,0.0,13886.781884492815,-2.220446049250313e-16,0.011944444444444445,0.0,8522.971330644852,8.881784197001252e-16,0.0,0.0,5529.438338305748,-2.220446049250313e-16,0.0,0.0,4818.478555022718,-2.220446049250313e-16,0.0,0.0,1340.8599313054672,0.0,0.0,0.0,7322.326236257881,-1.8041124150158794e-16,0.0,0.06151164475790146,5085.938300002803,0.061511644757901385,0.021666666666666667,1908.3700427133238,64172.20651410123,0.006151164475790146,6417.220651408379
478.0,90.0,2.25,18996793.0,231765.40781378176,0.0,0.0,2461.410483495112,0.0,0.0,0.0,8603.457543436969,-4.440892098500626e-16,0.0,0.0,6600.54391113686,-6.661338147750939e-16,0.01,2.0,13888.781884492815,1.9999999999999998,0.0125,0.0,8522.971330644852,8.881784197001252e-16,0.0,0.0,5529.438338305748,-2.220446049250313e-16,0.0,0.0,4818.478555022718,-2.220446049250313e-16,0.0,0.0,1340.8599313054672,0.0,0.0,0.0,7322.326236257881,-1.8041124150158794e-16,0.0,0.0,5085.938300002803,-7.632783294297951e-17,0.0225,1908.3700427133238,64174.20651410123,0.2,6417.420651408379
479.0,95.0,2.375,18996888.0,231767.78281378176,0.0,0.0,2461.410483495112,0.0,0.0,0.0,8603.457543436969,-4.440892098500626e-16,0.0,0.0,6600.54391113686,-6.661338147750939e-16,0.010277777777777778,0.0,13888.781884492815,-2.220446049250313e-16,0.013055555555555556,2.0,8524.971330644852,2.000000000000001,0.0,0.0,5529.438338305748,-2.220446049250313e-16,0.0,0.0,4818.478555022718,-2.220446049250313e-16,0.0,0.0,1340.8599313054672,0.0,0.0,0.0,7322.326236257881,-1.8041124150158794e-16,0.0,0.0,5085.938300002803,-7.632783294297951e-17,0.023333333333333334,1908.3700427133238,64176.20651410123,0.2,6417.620651408379
480.0,100.0,2.5,18996988.0,231770.28281378176,0.0,0.0,2461.410483495112,0.0,0.0,0.0,8603.457543436969,-4.440892098500626e-16,0.0,0.0,6600.54391113686,-6.661338147750939e-16,0.010555555555555556,0.0,13888.781884492815,-2.220446049250313e-16,0.01361111111111111,0.0,8524.971330644852,8.881784197001252e-16,0.0,0.0,5529.438338305748,-2.220446049250313e-16,0.0,0.0,4818.478555022718,-2.220446049250313e-16,0.0,0.0,1340.8599313054672,0.0,0.0,0.0,7322.326236257881,-1.8041124150158794e-16,0.0,0.0,5085.938300002803,-7.632783294297951e-17,0.024166666666666666,1908.3700427133238,64176.20651410123,0.0,6417.620651408379
481.0,105.0,2.234042553191489,18997093.0,231772.51685633496,0.0,0.0,2461.410483495112,0.0,0.0,0.0,8603.457543436969,-4.440892098500626e-16,0.0,0.0,6600.54391113686,-6.661338147750939e-16,0.010833333333333334,0.0,13888.781884492815,-2.220446049250313e-16,0.014166666666666666,0.0,8524.971330644852,8.881784197001252e-16,0.0,0.0,5529.438338305748,-2.220446049250313e-16,0.0,0.0,4818.478555022718,-2.220446049250313e-16,0.0,0.0,1340.8599313054672,0.0,0.0,0.0,7322.326236257881,-1.8041124150158794e-16,0.0,0.0,5085.938300002803,-7.632783294297951e-17,0.025,1908.3700427133238,64176.20651410123,0.0,6417.620651408379
482.0,110.0,2.3404255319148937,18997203.0,231774.85728186686,0.0,0.0,2461.410483495112,0.0,0.0,2.0,8605.457543436969,1.9999999999999996,0.0,0.0,6600.54391113686,-6.661338147750939e-16,0.011111111111111112,0.0,13888.781884492815,-2.220446049250313e-16,0.014722222222222222,0.0,8524.971330644852,8.881784197001252e-16,0.0,2.0,5531.438338305748,1.9999999999999998,0.0,0.0,4818.478555022718,-2.220446049250313e-16,0.0,0.0,1340.8599313054672,0.0,0.0,0.0,7322.326236257881,-1.8041124150158794e-16,0.0,0.0,5085.938300002803,-7.632783294297951e-17,0.025833333333333333,1908.3700427133238,64180.20651410123,0.4,6418.020651408378
483.0,115.0,2.4468085106382977,18997318.0,231777.3040903775,0.0,0.0,2461.410483495112,0.0,0.0,0.0,8605.457543436969,-4.440892098500626e-16,0.0,0.0,6600.54391113686,-6.661338147750939e-16,0.01138888888888889,0.0,13888.781884492815,-2.220446049250313e-16,0.015277777777777777,0.0,8524.971330644852,8.881784197001252e-16,0.0,0.0,5531.438338305748,-2.220446049250313e-16,0.0,0.0,4818.478555022718,-2.220446049250313e-16,0.0,0.0,1340.8599313054672,0.0,0.0,0.0,7322.326236257881,-1.8041124150158794e-16,0.0,0.0,5085.938300002803,-7.632783294297951e-17,0.026666666666666665,1908.3700427133238,64180.20651410123,0.0,6418.020651408378
484.0,120.0,2.6666666666666665,18997438.0,231779.97075704415,0.0,0.0,2461.410483495112,0.0,0.0,2.0,8607.457543436969,1.9999999999999996,0.0,0.0,6600.54391113686,-6.661338147750939e-16,0.011666666666666667,0.0,13888.781884492815,-2.220446049250313e-16,0.015833333333333335,0.0,8524.971330644852,8.881784197001252e-16,0.0,0.0,5531.438338305748,-2.220446049250313e-16,0.0,2.0,4820.478555022718,1.9999999999999998,0.0,0.0,1340.8599313054672,0.0,0.0,0.0,7322.326236257881,-1.8041124150158794e-16,0.0,0.0,5085.938300002803,-7.632783294297951e-17,0.027500000000000004,1908.3700427133238,64184.20651410123,0.4,6418.420651408378
485.0,112.0,2.488888888888889,18997550.0,231782.45964593304,0.0,0.0,2461.410483495112,0.0,0.0,0.0,8607.457543436969,-4.440892098500626e-16,0.0,2.0,6602.54391113686,1.9999999999999993,0.011944444444444445,0.0,13888.781884492815,-2.220446049250313e-16,0.01638888888888889,0.0,8524.971330644852,8.881784197001252e-16,0.0,0.0,5531.438338305748,-2.220446049250313e-16,0.0,0.0,4820.478555022718,-2.220446049250313e-16,0.0,0.0,1340.8599313054672,0.0,0.0,0.0,7322.326236257881,-1.8041124150158794e-16,0.0,0.0,5085.938300002803,-7.632783294297951e-17,0.028333333333333335,1908.3700427133238,64186.20651410123,0.2,6418.620651408378
486.0,116.0,2.577777777777778,18997666.0,231785.0374237108,0.0,0.0,2461.410483495112,0.0,0.0,0.0,8607.457543436969,-4.440892098500626e-16,0.0,0.0,6602.54391113686,-6.661338147750939e-16,0.012222222222222223,0.0,13888.781884492815,-2.220446049250313e-16,0.016944444444444446,0.0,8524.971330644852,8.881784197001252e-16,0.0,0.0,5531.438338305748,-2.220446049250313e-16,0.0,0.0,4820.478555022718,-2.220446049250313e-16,0.0,0.0,1340.8599313054672,0.0,0.0,0.0,7322.326236257881,-1.8041124150158794e-16,0.0,0.0,5085.938300002803,-7.632783294297951e-17,0.029166666666666667,1908.3700427133238,64186.20651410123,0.0,6418.620651408378
487.0,120.0,2.6666666666666665,18997786.0,231787.70409037746,0.0,0.0,2461.410483495112,0.0,0.0,0.0,8607.457543436969,-4.440892098500626e-16,0.0,0.0,6602.54391113686,-6.661338147750939e-16,0.0125,0.0,13888.781884492815,-2.220446049250313e-16,0.0175,0.0,8524.971330644852,8.881784197001252e-16,0.0,0.0,5531.438338305748,-2.220446049250313e-16,0.0,0.0,4820.478555022718,-2.220446049250313e-16,0.0,0.0,1340.8599313054672,0.0,0.0,0.0,7322.326236257881,-1.8041124150158794e-16,0.0,0.0,5085.938300002803,-7.632783294297951e-17,0.030000000000000002,1908.3700427133238,64186.20651410123,0.0,6418.620651408378
488.0,111.0,2.466666666666667,18997897.0,231790.17075704414,0.0,0.0,2461.410483495112,0.0,0.0,0.0,8607.457543436969,-4.440892098500626e-16,0.0,0.0,6602.54391113686,-6.661338147750939e-16,0.012777777777777779,0.0,13888.781884492815,-2.220446049250313e-16,0.018055555555555554,0.0,8524.971330644852,8.881784197001252e-16,0.0,0.0,5531.438338305748,-2.220446049250313e-16,0.0,0.0,4820.478555022718,-2.220446049250313e-16,0.0,0.0,1340.8599313054672,0.0,0.0,0.0,7322.326236257881,-1.8041124150158794e-16,0.0,0.0,5085.938300002803,-7.632783294297951e-17,0.03083333333333333,1908.3700427133238,64186.20651410123,0.0,6418.620651408378
489.0,114.0,2.533333333333333,18998011.0,231792.70409037746,0.0,0.0,2461.410483495112,0.0,0.0,0.0,8607.457543436969,-4.440892098500626e-16,0.0,0.0,6602.54391113686,-6.661338147750939e-16,0.013055555555555556,0.0,13888.781884492815,-2.220446049250313e-16,0.01861111111111111,0.0,8524.971330644852,8.881784197001252e-16,0.0,0.0,5531.438338305748,-2.220446049250313e-16,0.0,0.0,4820.478555022718,-2.220446049250313e-16,0.0,0.0,1340.8599313054672,0.0,0.0,0.0,7322.326236257881,-1.8041124150158794e-16,0.0,0.0,5085.938300002803,-7.632783294297951e-17,0.03166666666666666,1908.3700427133238,64186.20651410123,0.0,6418.620651408378
490.0,117.0,2.6,18998128.0,231795.30409037747,0.0,0.0,2461.410483495112,0.0,0.0,0.0,8607.457543436969,-4.440892098500626e-16,0.0,0.0,6602.54391113686,-6.661338147750939e-16,0.013333333333333334,1.991165547063282,13890.77305003988,1.9911655470632819,0.019166666666666665,2.0,8526.971330644852,2.000000000000001,0.0,0.0,5531.438338305748,-2.220446049250313e-16,0.0,0.0,4820.478555022718,-2.220446049250313e-16,0.0,0.0,1340.8599313054672,0.0,0.0,0.0,7322.326236257881,-1.8041124150158794e-16,0.0,0.0,5085.938300002803,-7.632783294297951e-17,0.0325,1908.3700427133238,64190.19767964829,0.39911655470632823,6419.019767963085
491.0,120.0,2.6666666666666665,18998248.0,231797.97075704412,0.0,2.0,2463.410483495112,2.0,0.0,0.0,8607.457543436969,-4.440892098500626e-16,0.0,0.0,6602.54391113686,-6.661338147750939e-16,0.01361111111111111,1.0418234319222561,13891.814873471802,1.041823431922256,0.01972222222222222,2.0,8528.971330644852,2.000000000000001,0.0,0.0,5531.438338305748,-2.220446049250313e-16,0.0,0.0,4820.478555022718,-2.220446049250313e-16,0.0,0.0,1340.8599313054672,0.0,0.0,0.0,7322.326236257881,-1.8041124150158794e-16,0.0,0.0,5085.938300002803,-7.632783294297951e-17,0.03333333333333333,1908.3700427133238,64195.239503080214,0.5041823431922257,6419.523950306277
492.0,124.0,2.7555555555555555,18998372.0,231800.72631259967,0.0,0.0,2463.410483495112,0.0,0.0,0.0,8607.457543436969,-4.440892098500626e-16,0.0,0.0,6602.54391113686,-6.661338147750939e-16,0.013888888888888888,0.0,13891.814873471802,-2.220446049250313e-16,0.020555555555555556,0.0,8528.971330644852,8.881784197001252e-16,0.0,0.0,5531.438338305748,-2.220446049250313e-16,0.0,0.0,4820.478555022718,-2.220446049250313e-16,0.0,0.0,1340.8599313054672,0.0,0.0,2.0,7324.326236257881,1.9999999999999998,0.0,0.0,5085.938300002803,-7.632783294297951e-17,0.034444444444444444,1908.3700427133238,64197.239503080214,0.2,6419.7239503062765
493.0,128.0,2.8444444444444446,18998500.0,231803.5707570441,0.0,0.0,2463.410483495112,0.0,0.0,0.0,8607.457543436969,-4.440892098500626e-16,0.0,0.0,6602.54391113686,-6.661338147750939e-16,0.014166666666666666,0.0,13891.814873471802,-2.220446049250313e-16,0.021388888888888888,2.0,8530.971330644852,2.000000000000001,0.0,0.0,5531.438338305748,-2.220446049250313e-16,0.0,0.0,4820.478555022718,-2.220446049250313e-16,0.0,0.0,1340.8599313054672,0.0,0.0,0.0,7324.326236257881,-2.220446049250313e-16,0.0,0.0,5085.938300002803,-7.632783294297951e-17,0.035555555555555556,1908.3700427133238,64199.239503080214,0.2,6419.923950306276
494.0,132.0,2.933333333333333,18998632.0,231806.50409037742,0.0,0.0,2463.410483495112,0.0,0.0,0.0,8607.457543436969,-4.440892098500626e-16,0.0,0.0,6602.54391113686,-6.661338147750939e-16,0.014444444444444444,0.0,13891.814873471802,-2.220446049250313e-16,0.022222222222222223,0.0,8530.971330644852,8.881784197001252e-16,0.0,0.0,5531.438338305748,-2.220446049250313e-16,0.0,0.0,4820.478555022718,-2.220446049250313e-16,0.0,0.0,1340.8599313054672,0.0,0.0,0.0,7324.326236257881,-2.220446049250313e-16,0.0,0.0,5085.938300002803,-7.632783294297951e-17,0.03666666666666667,1908.3700427133238,64199.239503080214,0.0,6419.923950306276
495.0,136.0,3.022222222222222,18998768.0,231809.52631259966,0.0,0.0,2463.410483495112,0.0,0.0,0.0,8607.457543436969,-4.440892098500626e-16,0.0,0.0,6602.54391113686,-6.661338147750939e-16,0.014722222222222222,0.0,13891.814873471802,-2.220446049250313e-16,0.023055555555555555,0.0,8530.971330644852,8.881784197001252e-16,0.0,0.0,5531.438338305748,-2.220446049250313e-16,0.0,0.0,4820.478555022718,-2.220446049250313e-16,0.0,1.2751722495104854,1342.1351035549776,1.2751722495104854,0.0,0.0,7324.326236257881,-2.220446049250313e-16,0.0,0.0,5085.938300002803,-7.632783294297951e-17,0.03777777777777778,1908.3700427133238,64200.51467532972,0.12751722495104853,6420.051467531227
496.0,141.0,3.1333333333333333,18998909.0,231812.659645933,0.0,0.0,2463.410483495112,0.0,0.0,0.0,8607.457543436969,-4.440892098500626e-16,0.0,2.0,6604.54391113686,1.9999999999999993,0.015,0.0,13891.814873471802,-2.220446049250313e-16,0.02388888888888889,0.0,8530.971330644852,8.881784197001252e-16,0.0,0.0,5531.438338305748,-2.220446049250313e-16,0.0,0.0,4820.478555022718,-2.220446049250313e-16,0.0,0.0,1342.1351035549776,0.0,0.0,0.0,7324.326236257881,-2.220446049250313e-16,0.0,0.0,5085.938300002803,-7.632783294297951e-17,0.03888888888888889,1908.3700427133238,64202.51467532972,0.2,6420.251467531227
497.0,146.0,3.3181818181818183,18999055.0,231815.97782775117,0.0,0.0,2463.410483495112,0.0,0.0,0.0,8607.457543436969,-4.440892098500626e-16,0.0,0.0,6604.54391113686,-6.661338147750939e-16,0.015277777777777777,0.0,13891.814873471802,-2.220446049250313e-16,0.024722222222222222,0.0,8530.971330644852,8.881784197001252e-16,0.0,0.0,5531.438338305748,-2.220446049250313e-16,0.0,0.0,4820.478555022718,-2.220446049250313e-16,0.0,0.0,1342.1351035549776,0.0,0.0,0.0,7324.326236257881,-2.220446049250313e-16,0.0,0.0,5085.938300002803,-7.632783294297951e-17,0.04,1908.3700427133238,64202.51467532972,0.0,6420.251467531227
498.0,151.0,3.4318181818181817,18999206.0,231819.409645933,0.0,0.0,2463.410483495112,0.0,0.0,0.08645739629183039,8607.54400083326,0.08645739629182994,0.0,0.0,6604.54391113686,-6.661338147750939e-16,0.015555555555555555,0.0,13891.814873471802,-2.220446049250313e-16,0.025555555555555557,0.0,8530.971330644852,8.881784197001252e-16,0.0,0.0,5531.438338305748,-2.220446049250313e-16,0.0,0.0,4820.478555022718,-2.220446049250313e-16,0.0,0.0,1342.1351035549776,0.0,0.0,0.0,7324.326236257881,-2.220446049250313e-16,0.0,0.0,5085.938300002803,-7.632783294297951e-17,0.04111111111111111,1908.3700427133238,64202.60113272601,0.008645739629183039,6420.260113270856
499.0,157.0,3.6511627906976742,18999363.0,231823.06080872368,0.0,0.0,2463.410483495112,0.0,0.0,0.0,8607.54400083326,-4.440892098500626e-16,0.0,0.0,6604.54391113686,-6.661338147750939e-16,0.015833333333333335,0.0,13891.814873471802,-2.220446049250313e-16,0.02638888888888889,0.0,8530.971330644852,8.881784197001252e-16,0.0,0.0,5531.438338305748,-2.220446049250313e-16,0.0,0.0,4820.478555022718,-2.220446049250313e-16,0.0,0.0,1342.1351035549776,0.0,0.0,0.0,7324.326236257881,-2.220446049250313e-16,0.0,0.0,5085.938300002803,-7.632783294297951e-17,0.042222222222222223,1908.3700427133238,64202.60113272601,0.0,6420.260113270856
500.0,163.0,3.7906976744186047,18999526.0,231826.8515063981,0.0,0.0,2463.410483495112,0.0,0.0,0.0,8607.54400083326,-4.440892098500626e-16,0.0,0.0,6604.54391113686,-6.661338147750939e-16,0.01611111111111111,2.0,13893.814873471802,1.9999999999999998,0.02722222222222222,0.0,8530.971330644852,8.881784197001252e-16,0.0,0.0,5531.438338305748,-2.220446049250313e-16,0.0,0.0,4820.478555022718,-2.220446049250313e-16,0.0,0.0,1342.1351035549776,0.0,0.0,0.0,7324.326236257881,-2.220446049250313e-16,0.0,0.0,5085.938300002803,-7.632783294297951e-17,0.043333333333333335,1908.3700427133238,64204.60113272601,0.2,6420.460113270856
501.0,156.0,3.627906976744186,18999682.0,231830.47941337482,0.0,0.0,2463.410483495112,0.0,0.0,0.0,8607.54400083326,-4.440892098500626e-16,0.0,0.0,6604.54391113686,-6.661338147750939e-16,0.01638888888888889,0.0,13893.814873471802,-2.220446049250313e-16,0.025277777777777777,0.0,8530.971330644852,8.881784197001252e-16,0.0,0.0,5531.438338305748,-2.220446049250313e-16,0.0,0.0,4820.478555022718,-2.220446049250313e-16,0.0,0.0,1342.1351035549776,0.0,0.0,0.0,7324.326236257881,-2.220446049250313e-16,0.0,0.0,5085.938300002803,-7.632783294297951e-17,0.04166666666666667,1908.3700427133238,64204.60113272601,0.0,6420.460113270856
502.0,113.0,2.627906976744186,18999795.0,231833.10732035156,0.0,0.0,2463.410483495112,0.0,0.0,0.0,8607.54400083326,-4.440892098500626e-16,0.0,0.0,6604.54391113686,-6.661338147750939e-16,0.016666666666666666,0.0,13893.814873471802,-2.220446049250313e-16,0.012777777777777779,0.0,8530.971330644852,8.881784197001252e-16,0.0,0.0,5531.438338305748,-2.220446049250313e-16,0.0,0.0,4820.478555022718,-2.220446049250313e-16,0.0,0.0,1342.1351035549776,0.0,0.0,0.0,7324.326236257881,-2.220446049250313e-16,0.0,0.0,5085.938300002803,-7.632783294297951e-17,0.029444444444444447,1908.3700427133238,64204.60113272601,0.0,6420.460113270856
503.0,69.0,1.6046511627906976,18999864.0,231834.71197151433,0.0,0.0,2463.410483495112,0.0,0.0,0.0,8607.54400083326,-4.440892098500626e-16,0.0,0.0,6604.54391113686,-6.661338147750939e-16,0.016944444444444446,0.0,13893.814873471802,-2.220446049250313e-16,0.0,0.0,8530.971330644852,8.881784197001252e-16,0.0,0.0,5531.438338305748,-2.220446049250313e-16,0.0,0.0,4820.478555022718,-2.220446049250313e-16,0.0,0.0,1342.1351035549776,0.0,0.0,0.0,7324.326236257881,-2.220446049250313e-16,0.0,0.0,5085.938300002803,-7.632783294297951e-17,0.016944444444444446,1908.3700427133238,64204.60113272601,0.0,6420.460113270856
504.0,71.0,1.6511627906976745,18999935.0,231836.36313430502,0.0,0.0,2463.410483495112,0.0,0.0,0.0,8607.54400083326,-4.440892098500626e-16,0.0,0.0,6604.54391113686,-6.661338147750939e-16,0.017222222222222222,0.0,13893.814873471802,-2.220446049250313e-16,0.0,0.0,8530.971330644852,8.881784197001252e-16,0.0,0.0,5531.438338305748,-2.220446049250313e-16,0.0,0.0,4820.478555022718,-2.220446049250313e-16,0.0,0.0,1342.1351035549776,0.0,0.0,2.0,7326.326236257881,1.9999999999999998,0.0,0.0,5085.938300002803,-7.632783294297951e-17,0.017222222222222222,1908.3700427133238,64206.60113272601,0.2,6420.660113270856
505.0,74.0,1.8048780487804879,19000009.0,231838.1680123538,0.0,0.0,2463.410483495112,0.0,0.0,0.0,8607.54400083326,-4.440892098500626e-16,0.0,0.0,6604.54391113686,-6.661338147750939e-16,0.0175,0.0,13893.814873471802,-2.220446049250313e-16,0.0,0.0,8530.971330644852,8.881784197001252e-16,0.0,0.0,5531.438338305748,-2.220446049250313e-16,0.0,2.0,4822.478555022718,1.9999999999999998,0.0,0.0,1342.1351035549776,0.0,0.0,0.0,7326.326236257881,-2.220446049250313e-16,0.0,0.0,5085.938300002803,-7.632783294297951e-17,0.0175,1908.3700427133238,64208.60113272601,0.2,6420.860113270855
506.0,77.0,1.8780487804878048,19000086.0,231840.0460611343,0.0,0.0,2463.410483495112,0.0,0.0,0.0,8607.54400083326,-4.440892098500626e-16,0.0,0.0,6604.54391113686,-6.661338147750939e-16,0.017777777777777778,0.0,13893.814873471802,-2.220446049250313e-16,0.0,0.0,8530.971330644852,8.881784197001252e-16,0.0,0.0,5531.438338305748,-2.220446049250313e-16,0.0,0.0,4822.478555022718,-2.220446049250313e-16,0.0,0.0,1342.1351035549776,0.0,0.0,0.0,7326.326236257881,-2.220446049250313e-16,0.0,2.0,5087.938300002803,2.0,0.017777777777777778,1908.3700427133238,64210.60113272601,0.2,6421.060113270855
507.0,68.0,1.6585365853658536,19000154.0,231841.70459771965,0.0,0.0,2463.410483495112,0.0,0.0,0.0,8607.54400083326,-4.440892098500626e-16,0.0,0.0,6604.54391113686,-6.661338147750939e-16,0.018055555555555554,0.0,13893.814873471802,-2.220446049250313e-16,0.0,0.0,8530.971330644852,8.881784197001252e-16,0.0,0.0,5531.438338305748,-2.220446049250313e-16,0.0,0.0,4822.478555022718,-2.220446049250313e-16,0.0,0.0,1342.1351035549776,0.0,0.0,0.0,7326.326236257881,-2.220446049250313e-16,0.0,0.0,5087.938300002803,0.0,0.018055555555555554,1908.3700427133238,64210.60113272601,0.0,6421.060113270855
508.0,70.0,1.7073170731707317,19000224.0,231843.4119147928,0.0,0.0,2463.410483495112,0.0,0.0,0.0,8607.54400083326,-4.440892098500626e-16,0.0,0.0,6604.54391113686,-6.661338147750939e-16,0.018333333333333333,0.0,13893.814873471802,-2.220446049250313e-16,0.0,0.0,8530.971330644852,8.881784197001252e-16,0.0,0.0,5531.438338305748,-2.220446049250313e-16,0.0,0.0,4822.478555022718,-2.220446049250313e-16,0.0,0.0,1342.1351035549776,0.0,0.0,0.0,7326.326236257881,-2.220446049250313e-16,0.0,0.0,5087.938300002803,0.0,0.018333333333333333,1908.3700427133238,64210.60113272601,0.0,6421.060113270855
509.0,72.0,1.7560975609756098,19000296.0,231845.1680123538,0.0,0.0,2463.410483495112,0.0,0.0,0.0,8607.54400083326,-4.440892098500626e-16,0.0,0.0,6604.54391113686,-6.661338147750939e-16,0.01861111111111111,0.0,13893.814873471802,-2.220446049250313e-16,0.0,0.0,8530.971330644852,8.881784197001252e-16,0.0,0.0,5531.438338305748,-2.220446049250313e-16,0.0,2.0,4824.478555022718,1.9999999999999998,0.0,0.0,1342.1351035549776,0.0,0.0,0.0,7326.326236257881,-2.220446049250313e-16,0.0,0.0,5087.938300002803,0.0,0.01861111111111111,1908.3700427133238,64212.60113272601,0.2,6421.260113270855
510.0,75.0,1.829268292682927,19000371.0,231846.99728064646,0.0,0.0,2463.410483495112,0.0,0.0,0.0,8607.54400083326,-4.440892098500626e-16,0.0,0.0,6604.54391113686,-6.661338147750939e-16,0.01888888888888889,0.0,13893.814873471802,-2.220446049250313e-16,0.0,0.0,8530.971330644852,8.881784197001252e-16,0.0,0.0,5531.438338305748,-2.220446049250313e-16,0.0,0.0,4824.478555022718,-2.220446049250313e-16,0.0,0.0,1342.1351035549776,0.0,0.0,0.0,7326.326236257881,-2.220446049250313e-16,0.0,0.0,5087.938300002803,0.0,0.01888888888888889,1908.3700427133238,64212.60113272601,0.0,6421.260113270855
511.0,72.0,1.5,19000443.0,231848.49728064646,0.0,0.0,2463.410483495112,0.0,0.0,0.0,8607.54400083326,-4.440892098500626e-16,0.0,0.0,6604.54391113686,-6.661338147750939e-16,0.019444444444444445,0.0,13893.814873471802,-2.220446049250313e-16,0.0,0.0,8530.971330644852,8.881784197001252e-16,0.0,0.0,5531.438338305748,-2.220446049250313e-16,0.0,0.0,4824.478555022718,-2.220446049250313e-16,0.0,0.0,1342.1351035549776,0.0,0.0,0.0,7326.326236257881,-2.220446049250313e-16,0.0,0.0,5087.938300002803,0.0,0.019444444444444445,1908.3700427133238,64212.60113272601,0.0,6421.260113270855
512.0,75.0,1.5625,19000518.0,231850.05978064646,0.0,0.0,2463.410483495112,0.0,0.0002777777777777778,1.9995498280650552,8609.543550661327,1.9995498280650548,0.0,0.0,6604.54391113686,-6.661338147750939e-16,0.019444444444444445,0.0,13893.814873471802,-2.220446049250313e-16,0.0002777777777777778,0.0,8530.971330644852,8.881784197001252e-16,0.0,2.0,5533.438338305748,1.9999999999999998,0.0,0.0,4824.478555022718,-2.220446049250313e-16,0.0,0.0,1342.1351035549776,0.0,0.0,0.0,7326.326236257881,-2.220446049250313e-16,0.0,0.0,5087.938300002803,0.0,0.019999999999999997,1908.3700427133238,64216.600682554075,0.39995498280650554,6421.660068253662
513.0,8.0,0.16666666666666666,19000526.0,231850.22644731312,0.0,0.0,2463.410483495112,0.0,0.0005555555555555556,0.0,8609.543550661327,-4.440892098500626e-16,0.0,0.0,6604.54391113686,-6.661338147750939e-16,0.0,0.0,13893.814873471802,-2.220446049250313e-16,0.0005555555555555556,0.0,8530.971330644852,8.881784197001252e-16,0.0,2.0,5535.438338305748,1.9999999999999998,0.0,0.0,4824.478555022718,-2.220446049250313e-16,0.0,0.0,1342.1351035549776,0.0,0.0,0.0,7326.326236257881,-2.220446049250313e-16,0.0,0.0,5087.938300002803,0.0,0.0011111111111111111,1908.3700427133238,64218.600682554075,0.2,6421.860068253662
514.0,11.0,0.23404255319148937,19000537.0,231850.46048986632,0.0,0.0,2463.410483495112,0.0,0.0008333333333333334,0.0,8609.543550661327,-4.440892098500626e-16,0.0,0.0,6604.54391113686,-6.661338147750939e-16,0.0,2.0,13895.814873471802,1.9999999999999998,0.0008333333333333334,0.0,8530.971330644852,8.881784197001252e-16,0.0,0.0,5535.438338305748,-2.220446049250313e-16,0.0,0.0,4824.478555022718,-2.220446049250313e-16,0.0,0.0,1342.1351035549776,0.0,0.0,0.0,7326.326236257881,-2.220446049250313e-16,0.0,0.0,5087.938300002803,0.0,0.0016666666666666668,1908.3700427133238,64220.600682554075,0.2,6422.0600682536615
515.0,14.0,0.30434782608695654,19000551.0,231850.7648376924,0.0,0.0,2463.410483495112,0.0,0.0011111111111111111,2.0,8611.543550661327,1.9999999999999996,0.0,0.8855014805757186,6605.429412617435,0.885501480575718,0.0,0.0,13895.814873471802,-2.220446049250313e-16,0.0011111111111111111,0.0,8530.971330644852,8.881784197001252e-16,0.0,0.0,5535.438338305748,-2.220446049250313e-16,0.0,0.0,4824.478555022718,-2.220446049250313e-16,0.0,0.0,1342.1351035549776,0.0,0.0,0.0,7326.326236257881,-2.220446049250313e-16,0.0,0.0,5087.938300002803,0.0,0.0022222222222222222,1908.3700427133238,64223.48618403466,0.28855014805757184,6422.348618401719
516.0,17.0,0.3695652173913043,19000568.0,231851.13440290978,0.0,0.0,2463.410483495112,0.0,0.001388888888888889,0.0,8611.543550661327,-4.440892098500626e-16,0.0,0.0,6605.429412617435,-6.661338147750939e-16,0.0,0.0,13895.814873471802,-2.220446049250313e-16,0.001388888888888889,0.0,8530.971330644852,8.881784197001252e-16,0.0,0.0,5535.438338305748,-2.220446049250313e-16,0.0,0.0,4824.478555022718,-2.220446049250313e-16,0.0,0.0,1342.1351035549776,0.0,0.0,0.0,7326.326236257881,-2.220446049250313e-16,0.0,0.0,5087.938300002803,0.0,0.002777777777777778,1908.3700427133238,64223.48618403466,0.0,6422.348618401719
517.0,20.0,0.43478260869565216,19000588.0,231851.56918551849,0.0,0.0,2463.410483495112,0.0,0.0016666666666666668,0.0,8611.543550661327,-4.440892098500626e-16,0.0,0.0,6605.429412617435,-6.661338147750939e-16,0.0,0.0,13895.814873471802,-2.220446049250313e-16,0.0016666666666666668,0.0,8530.971330644852,8.881784197001252e-16,0.0,0.0,5535.438338305748,-2.220446049250313e-16,0.0,0.0,4824.478555022718,-2.220446049250313e-16,0.0,0.0,1342.1351035549776,0.0,0.0,0.0,7326.326236257881,-2.220446049250313e-16,0.0,0.0,5087.938300002803,0.0,0.0033333333333333335,1908.3700427133238,64223.48618403466,0.0,6422.348618401719
518.0,23.0,0.5,19000611.0,231852.06918551849,0.0,0.0,2463.410483495112,0.0,0.0019444444444444444,0.0,8611.543550661327,-4.440892098500626e-16,0.0,0.0,6605.429412617435,-6.661338147750939e-16,0.0,2.0,13897.814873471802,1.9999999999999998,0.0019444444444444444,0.0,8530.971330644852,8.881784197001252e-16,0.0,0.0,5535.438338305748,-2.220446049250313e-16,0.0,0.0,4824.478555022718,-2.220446049250313e-16,0.0,0.0,1342.1351035549776,0.0,0.0,0.0,7326.326236257881,-2.220446049250313e-16,0.0,0.0,5087.938300002803,0.0,0.0038888888888888888,1908.3700427133238,64225.48618403466,0.2,6422.548618401719
519.0,18.0,0.391304347826087,19000629.0,231852.46048986632,0.0,0.0,2463.410483495112,0.0,0.0,0.0,8611.543550661327,-4.440892098500626e-16,0.0,0.0,6605.429412617435,-6.661338147750939e-16,0.0,0.0,13897.814873471802,-2.220446049250313e-16,0.0022222222222222222,1.1082736581722412,8532.079604303024,1.108273658172242,0.0,0.0,5535.438338305748,-2.220446049250313e-16,0.0,0.0,4824.478555022718,-2.220446049250313e-16,0.0,0.0,1342.1351035549776,0.0,0.0,0.0,7326.326236257881,-2.220446049250313e-16,0.0,0.0,5087.938300002803,0.0,0.0022222222222222222,1908.3700427133238,64226.59445769283,0.11082736581722412,6422.659445767536
520.0,20.0,0.43478260869565216,19000649.0,231852.89527247503,0.0,0.0,2463.410483495112,0.0,0.0,0.0,8611.543550661327,-4.440892098500626e-16,0.0,0.0,6605.429412617435,-6.661338147750939e-16,0.0,0.0,13897.814873471802,-2.220446049250313e-16,0.0025,0.0,8532.079604303024,8.881784197001252e-16,0.0,0.0,5535.438338305748,-2.220446049250313e-16,0.0,0.0,4824.478555022718,-2.220446049250313e-16,0.0,0.0,1342.1351035549776,0.0,0.0,0.0,7326.326236257881,-2.220446049250313e-16,0.0,0.0,5087.938300002803,0.0,0.0025,1908.3700427133238,64226.59445769283,0.0,6422.659445767536
521.0,22.0,0.4782608695652174,19000671.0,231853.3735333446,0.0,0.0,2463.410483495112,0.0,0.0,0.0,8611.543550661327,-4.440892098500626e-16,0.0,0.0,6605.429412617435,-6.661338147750939e-16,0.0,0.0,13897.814873471802,-2.220446049250313e-16,0.002777777777777778,2.0,8534.079604303024,2.000000000000001,0.0,0.0,5535.438338305748,-2.220446049250313e-16,0.0,0.0,4824.478555022718,-2.220446049250313e-16,0.0,0.0,1342.1351035549776,0.0,0.0,0.0,7326.326236257881,-2.220446049250313e-16,0.0,0.0,5087.938300002803,0.0,0.002777777777777778,1908.3700427133238,64228.59445769283,0.2,6422.859445767536
522.0,11.0,0.2391304347826087,19000682.0,231853.61266377938,0.0,0.0,2463.410483495112,0.0,0.0,0.0,8611.543550661327,-4.440892098500626e-16,0.0,0.0,6605.429412617435,-6.661338147750939e-16,0.0,0.0,13897.814873471802,-2.220446049250313e-16,0.0030555555555555557,0.32981242893706253,8534.409416731962,0.3298124289370634,0.0,0.0,5535.438338305748,-2.220446049250313e-16,0.0,0.0,4824.478555022718,-2.220446049250313e-16,0.0,0.0,1342.1351035549776,0.0,0.0,0.0,7326.326236257881,-2.220446049250313e-16,0.0,0.0,5087.938300002803,0.0,0.0030555555555555557,1908.3700427133238,64228.924270121766,0.032981242893706256,6422.89242701043
523.0,13.0,0.2826086956521739,19000695.0,231853.89527247503,0.0,2.0,2465.410483495112,2.0,0.0,0.0,8611.543550661327,-4.440892098500626e-16,0.0,0.0,6605.429412617435,-6.661338147750939e-16,0.0,2.0,13899.814873471802,1.9999999999999998,0.0033333333333333335,0.0,8534.409416731962,8.881784197001252e-16,0.0,0.0,5535.438338305748,-2.220446049250313e-16,0.0,0.0,4824.478555022718,-2.220446049250313e-16,0.0,0.0,1342.1351035549776,0.0,0.0,2.0,7328.326236257881,1.9999999999999998,0.0,0.0,5087.938300002803,0.0,0.0033333333333333335,1908.3700427133238,64234.924270121766,0.6,6423.49242701043
524.0,15.0,0.3333333333333333,19000710.0,231854.22860580837,0.0,0.0,2465.410483495112,0.0,0.0,0.0,8611.543550661327,-4.440892098500626e-16,0.0,0.0,6605.429412617435,-6.661338147750939e-16,0.0,0.0,13899.814873471802,-2.220446049250313e-16,0.003611111111111111,0.0,8534.409416731962,8.881784197001252e-16,0.0,0.0,5535.438338305748,-2.220446049250313e-16,0.0,0.0,4824.478555022718,-2.220446049250313e-16,0.0,0.0,1342.1351035549776,0.0,0.0,0.0,7328.326236257881,-2.220446049250313e-16,0.0,0.0,5087.938300002803,0.0,0.003611111111111111,1908.3700427133238,64234.924270121766,0.0,6423.49242701043
525.0,17.0,0.37777777777777777,19000727.0,231854.60638358616,0.0,0.0,2465.410483495112,0.0,0.0,0.0,8611.543550661327,-4.440892098500626e-16,0.0,0.0,6605.429412617435,-6.661338147750939e-16,0.0,0.0,13899.814873471802,-2.220446049250313e-16,0.0038888888888888888,0.0,8534.409416731962,8.881784197001252e-16,0.0,2.0,5537.438338305748,1.9999999999999998,0.0,0.0,4824.478555022718,-2.220446049250313e-16,0.0,0.0,1342.1351035549776,0.0,0.0,0.0,7328.326236257881,-2.220446049250313e-16,0.0,0.0,5087.938300002803,0.0,0.0038888888888888888,1908.3700427133238,64236.924270121766,0.2,6423.69242701043
526.0,19.0,0.4222222222222222,19000746.0,231855.0286058084,0.0,0.0,2465.410483495112,0.0,0.0,0.0,8611.543550661327,-4.440892098500626e-16,0.0,0.0,6605.429412617435,-6.661338147750939e-16,0.0,0.0,13899.814873471802,-2.220446049250313e-16,0.004166666666666667,0.0,8534.409416731962,8.881784197001252e-16,0.0,0.0,5537.438338305748,-2.220446049250313e-16,0.0,0.0,4824.478555022718,-2.220446049250313e-16,0.0,0.0,1342.1351035549776,0.0,0.0,0.0,7328.326236257881,-2.220446049250313e-16,0.0,0.0,5087.938300002803,0.0,0.004166666666666667,1908.3700427133238,64236.924270121766,0.0,6423.69242701043
527.0,21.0,0.4772727272727273,19000767.0,231855.50587853565,0.0,0.0,2465.410483495112,0.0,0.0,0.0,8611.543550661327,-4.440892098500626e-16,0.0,2.0,6607.429412617435,1.9999999999999993,0.0,0.0,13899.814873471802,-2.220446049250313e-16,0.0044444444444444444,0.0,8534.409416731962,8.881784197001252e-16,0.0,0.0,5537.438338305748,-2.220446049250313e-16,0.0,0.0,4824.478555022718,-2.220446049250313e-16,0.0,0.0,1342.1351035549776,0.0,0.0,0.0,7328.326236257881,-2.220446049250313e-16,0.0,0.0,5087.938300002803,0.0,0.0044444444444444444,1908.3700427133238,64238.924270121766,0.2,6423.89242701043
528.0,23.0,0.5227272727272727,19000790.0,231856.0286058084,0.0,0.0,2465.410483495112,0.0,0.0,0.0,8611.543550661327,-4.440892098500626e-16,0.0,0.0,6607.429412617435,-6.661338147750939e-16,0.0,2.0,13901.814873471802,1.9999999999999998,0.004722222222222222,0.0,8534.409416731962,8.881784197001252e-16,0.0,0.0,5537.438338305748,-2.220446049250313e-16,0.0,0.0,4824.478555022718,-2.220446049250313e-16,0.0,0.0,1342.1351035549776,0.0,0.0,0.0,7328.326236257881,-2.220446049250313e-16,0.0,0.0,5087.938300002803,0.0,0.004722222222222222,1908.3700427133238,64240.924270121766,0.2,6424.09242701043
529.0,27.0,0.6136363636363636,19000817.0,231856.64224217203,0.0,0.0,2465.410483495112,0.0,0.0,0.0,8611.543550661327,-4.440892098500626e-16,0.0002777777777777778,0.0,6607.429412617435,-6.661338147750939e-16,0.0,0.0,13901.814873471802,-2.220446049250313e-16,0.005,0.0,8534.409416731962,8.881784197001252e-16,0.0,0.0,5537.438338305748,-2.220446049250313e-16,0.0,0.0,4824.478555022718,-2.220446049250313e-16,0.0,0.0,1342.1351035549776,0.0,0.0,0.0,7328.326236257881,-2.220446049250313e-16,0.0,0.0,5087.938300002803,0.0,0.005277777777777778,1908.3700427133238,64240.924270121766,0.0,6424.09242701043
530.0,31.0,0.7045454545454546,19000848.0,231857.3467876266,0.0,0.0,2465.410483495112,0.0,0.0,0.0,8611.543550661327,-4.440892098500626e-16,0.0005555555555555556,0.0,6607.429412617435,-6.661338147750939e-16,0.0,0.0,13901.814873471802,-2.220446049250313e-16,0.005277777777777778,0.0,8534.409416731962,8.881784197001252e-16,0.0,0.0,5537.438338305748,-2.220446049250313e-16,0.0,0.0,4824.478555022718,-2.220446049250313e-16,0.0,0.0,1342.1351035549776,0.0,0.0,0.0,7328.326236257881,-2.220446049250313e-16,0.0,0.0,5087.938300002803,0.0,0.005833333333333334,1908.3700427133238,64240.924270121766,0.0,6424.09242701043
531.0,23.0,0.5348837209302325,19000871.0,231857.8816713475,0.0,0.0,2465.410483495112,0.0,0.0,0.0,8611.543550661327,-4.440892098500626e-16,0.0008333333333333334,0.0,6607.429412617435,-6.661338147750939e-16,0.0,1.847292942123315,13903.662166413926,1.8472929421233149,0.005555555555555556,0.0,8534.409416731962,8.881784197001252e-16,0.0,0.0,5537.438338305748,-2.220446049250313e-16,0.0,2.0,4826.478555022718,1.9999999999999998,0.0,0.0,1342.1351035549776,0.0,0.0,0.0,7328.326236257881,-2.220446049250313e-16,0.0,0.0,5087.938300002803,0.0,0.006388888888888889,1908.3700427133238,64244.77156306389,0.3847292942123315,6424.477156304642
532.0,25.0,0.5813953488372093,19000896.0,231858.46306669633,0.0,0.0,2465.410483495112,0.0,0.0,0.0,8611.543550661327,-4.440892098500626e-16,0.0011111111111111111,0.0,6607.429412617435,-6.661338147750939e-16,0.0,0.0,13903.662166413926,-2.220446049250313e-16,0.005833333333333334,0.0,8534.409416731962,8.881784197001252e-16,0.0,0.0,5537.438338305748,-2.220446049250313e-16,0.0,0.0,4826.478555022718,-2.220446049250313e-16,0.0,0.0,1342.1351035549776,0.0,0.0,0.0,7328.326236257881,-2.220446049250313e-16,0.0,0.0,5087.938300002803,0.0,0.006944444444444445,1908.3700427133238,64244.77156306389,0.0,6424.477156304642
533.0,27.0,0.627906976744186,19000923.0,231859.09097367307,0.0,0.0,2465.410483495112,0.0,0.0,0.0,8611.543550661327,-4.440892098500626e-16,0.001388888888888889,0.0,6607.429412617435,-6.661338147750939e-16,0.0,0.0,13903.662166413926,-2.220446049250313e-16,0.006111111111111111,0.0,8534.409416731962,8.881784197001252e-16,0.0,0.0,5537.438338305748,-2.220446049250313e-16,0.0,0.0,4826.478555022718,-2.220446049250313e-16,0.0,0.0,1342.1351035549776,0.0,0.0,0.0,7328.326236257881,-2.220446049250313e-16,0.0,0.0,5087.938300002803,0.0,0.007500000000000001,1908.3700427133238,64244.77156306389,0.0,6424.477156304642
534.0,30.0,0.6976744186046512,19000953.0,231859.78864809166,0.0,0.0,2465.410483495112,0.0,0.0,0.0,8611.543550661327,-4.440892098500626e-16,0.0016666666666666668,0.0,6607.429412617435,-6.661338147750939e-16,0.0,0.0,13903.662166413926,-2.220446049250313e-16,0.006388888888888889,0.0,8534.409416731962,8.881784197001252e-16,0.0,0.0,5537.438338305748,-2.220446049250313e-16,0.0,0.0,4826.478555022718,-2.220446049250313e-16,0.0,0.861775260993923,1342.9968788159715,0.861775260993923,0.0,2.0,7330.326236257881,1.9999999999999998,0.0,0.0,5087.938300002803,0.0,0.008055555555555555,1908.3700427133238,64247.63333832489,0.2861775260993923,6424.763333830741
535.0,33.0,0.7674418604651163,19000986.0,231860.55608995212,0.0,0.0,2465.410483495112,0.0,0.0,0.0,8611.543550661327,-4.440892098500626e-16,0.0019444444444444444,0.0,6607.429412617435,-6.661338147750939e-16,0.0,0.0,13903.662166413926,-2.220446049250313e-16,0.006666666666666667,0.0,8534.409416731962,8.881784197001252e-16,0.0,0.0,5537.438338305748,-2.220446049250313e-16,0.0,0.0,4826.478555022718,-2.220446049250313e-16,0.0,0.0,1342.9968788159715,0.0,0.0,1.941382678774423,7332.267618936655,1.9413826787744228,0.0,2.0,5089.938300002803,2.0,0.008611111111111111,1908.3700427133238,64251.574721003664,0.3941382678774423,6425.157472098619
536.0,36.0,0.8372093023255814,19001022.0,231861.39329925444,0.0,0.0,2465.410483495112,0.0,0.0,0.0,8611.543550661327,-4.440892098500626e-16,0.0022222222222222222,0.0,6607.429412617435,-6.661338147750939e-16,0.0,0.0,13903.662166413926,-2.220446049250313e-16,0.006944444444444444,0.0,8534.409416731962,8.881784197001252e-16,0.0,0.0,5537.438338305748,-2.220446049250313e-16,0.0,0.0,4826.478555022718,-2.220446049250313e-16,0.0,0.0,1342.9968788159715,0.0,0.0,1.8175987722011209,7334.085217708856,1.8175987722011206,0.0,1.9387892729439693,5091.877089275747,1.9387892729439693,0.009166666666666667,1908.3700427133238,64255.33110904881,0.37563880451450904,6425.533110903134
537.0,40.0,0.9302325581395349,19001062.0,231862.32353181258,0.0,0.0,2465.410483495112,0.0,0.0,0.0,8611.543550661327,-4.440892098500626e-16,0.0025,0.0,6607.429412617435,-6.661338147750939e-16,0.0,0.0,13903.662166413926,-2.220446049250313e-16,0.007222222222222222,0.0,8534.409416731962,8.881784197001252e-16,0.0,0.0,5537.438338305748,-2.220446049250313e-16,0.0,0.0,4826.478555022718,-2.220446049250313e-16,0.0,0.0,1342.9968788159715,0.0,0.0,0.0,7334.085217708856,-2.220446049250313e-16,0.0,1.8140120917416693,5093.691101367488,1.8140120917416693,0.009722222222222222,1908.3700427133238,64257.14512114056,0.18140120917416694,6425.7145121123085
538.0,46.0,1.069767441860465,19001108.0,231863.39329925444,0.0,0.0,2465.410483495112,0.0,0.0,0.0,8611.543550661327,-4.440892098500626e-16,0.002777777777777778,0.0,6607.429412617435,-6.661338147750939e-16,0.0,0.0,13903.662166413926,-2.220446049250313e-16,0.0075,0.0,8534.409416731962,8.881784197001252e-16,0.0,0.0,5537.438338305748,-2.220446049250313e-16,0.0,2.0,4828.478555022718,1.9999999999999998,0.0,0.0,1342.9968788159715,0.0,0.0,0.0,7334.085217708856,-2.220446049250313e-16,0.0,0.0,5093.691101367488,0.0,0.010277777777777778,1908.3700427133238,64259.14512114056,0.2,6425.914512112308
539.0,46.0,1.069767441860465,19001154.0,231864.4630666963,0.0,0.0,2465.410483495112,0.0,0.0,0.0,8611.543550661327,-4.440892098500626e-16,0.0030555555555555557,0.0,6607.429412617435,-6.661338147750939e-16,0.0,0.0,13903.662166413926,-2.220446049250313e-16,0.0077777777777777776,0.0,8534.409416731962,8.881784197001252e-16,0.0,0.0,5537.438338305748,-2.220446049250313e-16,0.0,0.0,4828.478555022718,-2.220446049250313e-16,0.0,0.0,1342.9968788159715,0.0,0.0,0.0,7334.085217708856,-2.220446049250313e-16,0.0,0.0,5093.691101367488,0.0,0.010833333333333334,1908.3700427133238,64259.14512114056,0.0,6425.914512112308
540.0,53.0,1.2325581395348837,19001207.0,231865.69562483585,0.0,0.0,2465.410483495112,0.0,0.0,0.0,8611.543550661327,-4.440892098500626e-16,0.0033333333333333335,0.0,6607.429412617435,-6.661338147750939e-16,0.0,0.0,13903.662166413926,-2.220446049250313e-16,0.008055555555555555,0.0,8534.409416731962,8.881784197001252e-16,0.0,0.0,5537.438338305748,-2.220446049250313e-16,0.0,0.0,4828.478555022718,-2.220446049250313e-16,0.0,0.0,1342.9968788159715,0.0,0.0,0.0,7334.085217708856,-2.220446049250313e-16,0.0,0.0,5093.691101367488,0.0,0.01138888888888889,1908.3700427133238,64259.14512114056,0.0,6425.914512112308
541.0,47.0,0.94,19001254.0,231866.63562483585,0.0,0.0,2465.410483495112,0.0,0.0,0.0,8611.543550661327,-4.440892098500626e-16,0.003611111111111111,0.0,6607.429412617435,-6.661338147750939e-16,0.0,0.0,13903.662166413926,-2.220446049250313e-16,0.008333333333333333,0.0,8534.409416731962,8.881784197001252e-16,0.0,0.0,5537.438338305748,-2.220446049250313e-16,0.0,0.0,4828.478555022718,-2.220446049250313e-16,0.0,0.0,1342.9968788159715,0.0,0.0,0.0,7334.085217708856,-2.220446049250313e-16,0.0,0.0,5093.691101367488,0.0,0.011944444444444445,1908.3700427133238,64259.14512114056,0.0,6425.914512112308
542.0,45.0,0.9,19001299.0,231867.53562483584,0.0,0.0,2465.410483495112,0.0,0.0,1.9832467161392855,8613.526797377466,1.983246716139285,0.0038888888888888888,0.0,6607.429412617435,-6.661338147750939e-16,0.0,2.0,13905.662166413926,1.9999999999999998,0.008611111111111111,0.0,8534.409416731962,8.881784197001252e-16,0.0,2.0,5539.438338305748,1.9999999999999998,0.0,0.0,4828.478555022718,-2.220446049250313e-16,0.0,0.0,1342.9968788159715,0.0,0.0,0.0,7334.085217708856,-2.220446049250313e-16,0.0,0.0,5093.691101367488,0.0,0.0125,1908.3700427133238,64265.12836785669,0.5983246716139285,6426.5128367839225
543.0,47.0,0.94,19001346.0,231868.47562483585,0.0,0.0,2465.410483495112,0.0,0.0,0.0,8613.526797377466,-4.440892098500626e-16,0.004166666666666667,0.0,6607.429412617435,-6.661338147750939e-16,0.0,0.0,13905.662166413926,-2.220446049250313e-16,0.008888888888888889,0.0,8534.409416731962,8.881784197001252e-16,0.0,0.0,5539.438338305748,-2.220446049250313e-16,0.0,0.0,4828.478555022718,-2.220446049250313e-16,0.0,0.0,1342.9968788159715,0.0,0.0,0.0,7334.085217708856,-2.220446049250313e-16,0.0,0.0,5093.691101367488,0.0,0.013055555555555556,1908.3700427133238,64265.12836785669,0.0,6426.5128367839225
544.0,49.0,0.98,19001395.0,231869.45562483586,0.0,0.0,2465.410483495112,0.0,0.0,0.0,8613.526797377466,-4.440892098500626e-16,0.0044444444444444444,0.0,6607.429412617435,-6.661338147750939e-16,0.0,0.0,13905.662166413926,-2.220446049250313e-16,0.009166666666666667,0.0,8534.409416731962,8.881784197001252e-16,0.0,0.0,5539.438338305748,-2.220446049250313e-16,0.0,0.0,4828.478555022718,-2.220446049250313e-16,0.0,0.0,1342.9968788159715,0.0,0.0,0.0,7334.085217708856,-2.220446049250313e-16,0.0,0.0,5093.691101367488,0.0,0.013611111111111112,1908.3700427133238,64265.12836785669,0.0,6426.5128367839225
545.0,51.0,1.02,19001446.0,231870.47562483585,0.0,0.0,2465.410483495112,0.0,0.0,0.0,8613.526797377466,-4.440892098500626e-16,0.004722222222222222,1.1,6608.529412617436,1.0999999999999994,0.0,0.0,13905.662166413926,-2.220446049250313e-16,0.009444444444444445,0.0,8534.409416731962,8.881784197001252e-16,0.0,0.0,5539.438338305748,-2.220446049250313e-16,0.0,0.0,4828.478555022718,-2.220446049250313e-16,0.0,0.0,1342.9968788159715,0.0,0.0,0.0,7334.085217708856,-2.220446049250313e-16,0.0,0.0,5093.691101367488,0.0,0.014166666666666668,1908.3700427133238,64266.2283678567,0.11000000000000001,6426.622836783922
546.0,53.0,1.0816326530612246,19001499.0,231871.5572574889,0.0,0.0,2465.410483495112,0.0,0.0,2.0,8615.526797377466,1.9999999999999996,0.005,0.0,6608.529412617436,-6.661338147750939e-16,0.0,0.0,13905.662166413926,-2.220446049250313e-16,0.009722222222222222,2.0,8536.409416731962,2.000000000000001,0.0,0.0,5539.438338305748,-2.220446049250313e-16,0.0,0.0,4828.478555022718,-2.220446049250313e-16,0.0,0.0,1342.9968788159715,0.0,0.0,0.0,7334.085217708856,-2.220446049250313e-16,0.0,0.0,5093.691101367488,0.0,0.014722222222222223,1908.3700427133238,64270.2283678567,0.4,6427.022836783922
547.0,55.0,1.1224489795918366,19001554.0,231872.67970646848,0.0,0.0,2465.410483495112,0.0,0.0,0.0,8615.526797377466,-4.440892098500626e-16,0.005277777777777778,0.0,6608.529412617436,-6.661338147750939e-16,0.0,0.0,13905.662166413926,-2.220446049250313e-16,0.01,0.0,8536.409416731962,8.881784197001252e-16,0.0,0.0,5539.438338305748,-2.220446049250313e-16,0.0,0.0,4828.478555022718,-2.220446049250313e-16,0.0,0.0,1342.9968788159715,0.0,0.0,0.0,7334.085217708856,-2.220446049250313e-16,0.0,0.0,5093.691101367488,0.0,0.015277777777777779,1908.3700427133238,64270.2283678567,0.0,6427.022836783922
548.0,57.0,1.163265306122449,19001611.0,231873.8429717746,0.0,0.0,2465.410483495112,0.0,0.0,0.0,8615.526797377466,-4.440892098500626e-16,0.005555555555555556,0.0,6608.529412617436,-6.661338147750939e-16,0.0,0.0,13905.662166413926,-2.220446049250313e-16,0.010277777777777778,0.0,8536.409416731962,8.881784197001252e-16,0.0,0.0,5539.438338305748,-2.220446049250313e-16,0.0,0.0,4828.478555022718,-2.220446049250313e-16,0.0,0.0,1342.9968788159715,0.0,0.0,0.0,7334.085217708856,-2.220446049250313e-16,0.0,0.0,5093.691101367488,0.0,0.015833333333333335,1908.3700427133238,64270.2283678567,0.0,6427.022836783922
549.0,59.0,1.2040816326530612,19001670.0,231875.04705340727,0.0,0.0,2465.410483495112,0.0,0.0,0.0,8615.526797377466,-4.440892098500626e-16,0.005833333333333334,0.0,6608.529412617436,-6.661338147750939e-16,0.0,0.0,13905.662166413926,-2.220446049250313e-16,0.010555555555555556,1.05,8537.459416731961,1.050000000000001,0.0,0.0,5539.438338305748,-2.220446049250313e-16,0.0,0.0,4828.478555022718,-2.220446049250313e-16,0.0,0.0,1342.9968788159715,0.0,0.0,0.0,7334.085217708856,-2.220446049250313e-16,0.0,0.0,5093.691101367488,0.0,0.01638888888888889,1908.3700427133238,64271.278367856685,0.10500000000000001,6427.127836783921
550.0,61.0,1.2708333333333333,19001731.0,231876.3178867406,0.0,0.0,2465.410483495112,0.0,0.0,0.0,8615.526797377466,-4.440892098500626e-16,0.006111111111111111,0.0,6608.529412617436,-6.661338147750939e-16,0.0,0.857380705637706,13906.519547119564,0.8573807056377057,0.010833333333333334,0.0,8537.459416731961,8.881784197001252e-16,0.0,0.0,5539.438338305748,-2.220446049250313e-16,0.0,0.0,4828.478555022718,-2.220446049250313e-16,0.0,0.0,1342.9968788159715,0.0,0.0,0.0,7334.085217708856,-2.220446049250313e-16,0.0,0.0,5093.691101367488,0.0,0.016944444444444446,1908.3700427133238,64272.13574856232,0.0857380705637706,6427.213574854485
551.0,63.0,1.3404255319148937,19001794.0,231877.6583122725,0.0,0.0,2465.410483495112,0.0,0.0,0.0,8615.526797377466,-4.440892098500626e-16,0.006388888888888889,0.0,6608.529412617436,-6.661338147750939e-16,0.0,0.0,13906.519547119564,-2.220446049250313e-16,0.011111111111111112,1.617181718752111,8539.076598450712,1.6171817187521118,0.0,0.0,5539.438338305748,-2.220446049250313e-16,0.0,0.0,4828.478555022718,-2.220446049250313e-16,0.0,0.0,1342.9968788159715,0.0,0.0,0.0,7334.085217708856,-2.220446049250313e-16,0.0,0.0,5093.691101367488,0.0,0.0175,1908.3700427133238,64273.75293028108,0.1617181718752111,6427.37529302636
552.0,65.0,1.3829787234042554,19001859.0,231879.04129099593,0.0,0.0,2465.410483495112,0.0,0.0,0.0,8615.526797377466,-4.440892098500626e-16,0.006666666666666667,0.0,6608.529412617436,-6.661338147750939e-16,0.0,0.0,13906.519547119564,-2.220446049250313e-16,0.01138888888888889,0.0,8539.076598450712,8.881784197001252e-16,0.0,0.0,5539.438338305748,-2.220446049250313e-16,0.0,0.0,4828.478555022718,-2.220446049250313e-16,0.0,0.0,1342.9968788159715,0.0,0.0,0.0,7334.085217708856,-2.220446049250313e-16,0.0,0.0,5093.691101367488,0.0,0.018055555555555557,1908.3700427133238,64273.75293028108,0.0,6427.37529302636
553.0,67.0,1.425531914893617,19001926.0,231880.46682291082,0.0,0.0,2465.410483495112,0.0,0.0,0.0,8615.526797377466,-4.440892098500626e-16,0.006944444444444444,0.0,6608.529412617436,-6.661338147750939e-16,0.0,0.0,13906.519547119564,-2.220446049250313e-16,0.011666666666666667,0.0,8539.076598450712,8.881784197001252e-16,0.0,0.0611977925457626,5539.499536098294,0.06119779254576238,0.0,0.0,4828.478555022718,-2.220446049250313e-16,0.0,0.0,1342.9968788159715,0.0,0.0,0.0,7334.085217708856,-2.220446049250313e-16,0.0,0.0,5093.691101367488,0.0,0.018611111111111113,1908.3700427133238,64273.81412807362,0.00611977925457626,6427.381412805615
554.0,69.0,1.4680851063829787,19001995.0,231881.9349080172,0.0,0.0,2465.410483495112,0.0,0.0,0.0,8615.526797377466,-4.440892098500626e-16,0.007222222222222222,0.0,6608.529412617436,-6.661338147750939e-16,0.0,0.0,13906.519547119564,-2.220446049250313e-16,0.011944444444444445,0.0,8539.076598450712,8.881784197001252e-16,0.0,0.0,5539.499536098294,-2.220446049250313e-16,0.0,0.0,4828.478555022718,-2.220446049250313e-16,0.0,0.0,1342.9968788159715,0.0,0.0,0.0,7334.085217708856,-2.220446049250313e-16,0.0,0.0,5093.691101367488,0.0,0.019166666666666665,1908.3700427133238,64273.81412807362,0.0,6427.381412805615
555.0,71.0,1.5106382978723405,19002066.0,231883.44554631508,0.0,0.0,2465.410483495112,0.0,0.0,0.0,8615.526797377466,-4.440892098500626e-16,0.0075,0.0,6608.529412617436,-6.661338147750939e-16,0.0,0.0,13906.519547119564,-2.220446049250313e-16,0.012222222222222223,0.0,8539.076598450712,8.881784197001252e-16,0.0,0.0,5539.499536098294,-2.220446049250313e-16,0.0,0.0,4828.478555022718,-2.220446049250313e-16,0.0,0.0,1342.9968788159715,0.0,0.0,0.0,7334.085217708856,-2.220446049250313e-16,0.0,0.0,5093.691101367488,0.0,0.019722222222222224,1908.3700427133238,64273.81412807362,0.0,6427.381412805615
556.0,73.0,1.5869565217391304,19002139.0,231885.0325028368,0.0,0.0,2465.410483495112,0.0,0.0,0.0,8615.526797377466,-4.440892098500626e-16,0.0077777777777777776,0.0,6608.529412617436,-6.661338147750939e-16,0.0,0.0,13906.519547119564,-2.220446049250313e-16,0.0125,0.0,8539.076598450712,8.881784197001252e-16,0.0,0.0,5539.499536098294,-2.220446049250313e-16,0.0,0.0,4828.478555022718,-2.220446049250313e-16,0.0,0.0,1342.9968788159715,0.0,0.0,0.0,7334.085217708856,-2.220446049250313e-16,0.0,0.0,5093.691101367488,0.0,0.020277777777777777,1908.3700427133238,64273.81412807362,0.0,6427.381412805615
557.0,75.0,1.6304347826086956,19002214.0,231886.66293761943,0.0,0.0,2465.410483495112,0.0,0.0,0.0,8615.526797377466,-4.440892098500626e-16,0.008055555555555555,0.0,6608.529412617436,-6.661338147750939e-16,0.0,0.0,13906.519547119564,-2.220446049250313e-16,0.012777777777777779,0.0,8539.076598450712,8.881784197001252e-16,0.0,0.0,5539.499536098294,-2.220446049250313e-16,0.0,0.0,4828.478555022718,-2.220446049250313e-16,0.0,0.0,1342.9968788159715,0.0,0.0,0.0,7334.085217708856,-2.220446049250313e-16,0.0,0.0,5093.691101367488,0.0,0.020833333333333336,1908.3700427133238,64273.81412807362,0.0,6427.381412805615
558.0,77.0,1.673913043478261,19002291.0,231888.33685066292,0.0,0.0,2465.410483495112,0.0,0.0,0.0,8615.526797377466,-4.440892098500626e-16,0.008333333333333333,0.0,6608.529412617436,-6.661338147750939e-16,0.0,2.0,13908.519547119564,1.9999999999999998,0.013055555555555556,0.0,8539.076598450712,8.881784197001252e-16,0.0,0.0,5539.499536098294,-2.220446049250313e-16,0.0,0.0,4828.478555022718,-2.220446049250313e-16,0.0,0.0,1342.9968788159715,0.0,0.0,0.0,7334.085217708856,-2.220446049250313e-16,0.0,0.0,5093.691101367488,0.0,0.021388888888888888,1908.3700427133238,64275.81412807362,0.2,6427.5814128056145
559.0,79.0,1.7555555555555555,19002370.0,231890.09240621846,0.0,0.0,2465.410483495112,0.0,0.0,2.0,8617.526797377466,1.9999999999999996,0.008611111111111111,0.0,6608.529412617436,-6.661338147750939e-16,0.0,0.0,13908.519547119564,-2.220446049250313e-16,0.013333333333333334,0.0,8539.076598450712,8.881784197001252e-16,0.0,0.0,5539.499536098294,-2.220446049250313e-16,0.0,0.0,4828.478555022718,-2.220446049250313e-16,0.0,0.0,1342.9968788159715,0.0,0.0,0.0,7334.085217708856,-2.220446049250313e-16,0.0,0.0,5093.691101367488,0.0,0.021944444444444447,1908.3700427133238,64277.81412807362,0.2,6427.781412805614
560.0,81.0,1.8,19002451.0,231891.89240621845,0.0,0.0,2465.410483495112,0.0,0.0,0.0,8617.526797377466,-4.440892098500626e-16,0.008888888888888889,0.0,6608.529412617436,-6.661338147750939e-16,0.0,2.0,13910.519547119564,1.9999999999999998,0.01361111111111111,0.0,8539.076598450712,8.881784197001252e-16,0.0,0.0,5539.499536098294,-2.220446049250313e-16,0.0,0.0,4828.478555022718,-2.220446049250313e-16,0.0,0.0,1342.9968788159715,0.0,0.0,0.0,7334.085217708856,-2.220446049250313e-16,0.0,0.0,5093.691101367488,0.0,0.0225,1908.3700427133238,64279.81412807362,0.2,6427.981412805614
561.0,83.0,1.8444444444444446,19002534.0,231893.73685066288,0.0,0.0,2465.410483495112,0.0,0.0,1.790924374793537,8619.317721752259,1.7909243747935366,0.009166666666666667,0.0,6608.529412617436,-6.661338147750939e-16,0.0,0.0,13910.519547119564,-2.220446049250313e-16,0.013888888888888888,0.0,8539.076598450712,8.881784197001252e-16,0.0,0.0,5539.499536098294,-2.220446049250313e-16,0.0,1.8496010301019639,4830.32815605282,1.8496010301019636,0.0,0.0,1342.9968788159715,0.0,0.0,0.0,7334.085217708856,-2.220446049250313e-16,0.0,0.0,5093.691101367488,0.0,0.023055555555555555,1908.3700427133238,64283.45465347851,0.3640525404895501,6428.345465346104
562.0,85.0,1.8888888888888888,19002619.0,231895.62573955176,0.0,0.0,2465.410483495112,0.0,0.0,0.0,8619.317721752259,-4.440892098500626e-16,0.009444444444444445,0.0,6608.529412617436,-6.661338147750939e-16,0.0,0.0,13910.519547119564,-2.220446049250313e-16,0.014166666666666666,0.0,8539.076598450712,8.881784197001252e-16,0.0,0.0,5539.499536098294,-2.220446049250313e-16,0.0,0.0,4830.32815605282,-2.220446049250313e-16,0.0,0.0,1342.9968788159715,0.0,0.0,0.0,7334.085217708856,-2.220446049250313e-16,0.0,0.0,5093.691101367488,0.0,0.02361111111111111,1908.3700427133238,64283.45465347851,0.0,6428.345465346104
563.0,87.0,1.9333333333333333,19002706.0,231897.55907288508,0.0,0.0,2465.410483495112,0.0,0.0,0.0,8619.317721752259,-4.440892098500626e-16,0.009722222222222222,0.0,6608.529412617436,-6.661338147750939e-16,0.0,0.0,13910.519547119564,-2.220446049250313e-16,0.014444444444444444,0.0,8539.076598450712,8.881784197001252e-16,0.0,0.0,5539.499536098294,-2.220446049250313e-16,0.0,0.0,4830.32815605282,-2.220446049250313e-16,0.0,0.0,1342.9968788159715,0.0,0.0,0.0,7334.085217708856,-2.220446049250313e-16,0.0,0.0,5093.691101367488,0.0,0.024166666666666666,1908.3700427133238,64283.45465347851,0.0,6428.345465346104
564.0,90.0,2.0,19002796.0,231899.55907288508,0.0,0.0,2465.410483495112,0.0,0.0,0.0,8619.317721752259,-4.440892098500626e-16,0.01,0.0,6608.529412617436,-6.661338147750939e-16,0.0,0.0,13910.519547119564,-2.220446049250313e-16,0.014722222222222222,0.0,8539.076598450712,8.881784197001252e-16,0.0,0.0,5539.499536098294,-2.220446049250313e-16,0.0,0.0,4830.32815605282,-2.220446049250313e-16,0.0,0.0,1342.9968788159715,0.0,0.0,0.0,7334.085217708856,-2.220446049250313e-16,0.0,0.0,5093.691101367488,0.0,0.024722222222222222,1908.3700427133238,64283.45465347851,0.0,6428.345465346104
565.0,93.0,2.066666666666667,19002889.0,231901.62573955176,0.0,0.0,2465.410483495112,0.0,0.0,0.0,8619.317721752259,-4.440892098500626e-16,0.010277777777777778,0.0,6608.529412617436,-6.661338147750939e-16,0.0,0.0,13910.519547119564,-2.220446049250313e-16,0.015,0.0,8539.076598450712,8.881784197001252e-16,0.0,0.0,5539.499536098294,-2.220446049250313e-16,0.0,0.0,4830.32815605282,-2.220446049250313e-16,0.0,0.0,1342.9968788159715,0.0,0.0,2.0,7336.085217708856,1.9999999999999998,0.0,0.0,5093.691101367488,0.0,0.025277777777777777,1908.3700427133238,64285.45465347851,0.2,6428.545465346104
566.0,96.0,2.1818181818181817,19002985.0,231903.80755773358,0.0,0.0,2465.410483495112,0.0,0.0,0.0,8619.317721752259,-4.440892098500626e-16,0.010555555555555556,0.0,6608.529412617436,-6.661338147750939e-16,0.0,0.0,13910.519547119564,-2.220446049250313e-16,0.015277777777777777,0.0,8539.076598450712,8.881784197001252e-16,0.0,0.0,5539.499536098294,-2.220446049250313e-16,0.0,0.0,4830.32815605282,-2.220446049250313e-16,0.0,0.0,1342.9968788159715,0.0,0.0,0.0,7336.085217708856,-2.220446049250313e-16,0.0,2.0,5095.691101367488,2.0,0.025833333333333333,1908.3700427133238,64287.45465347851,0.2,6428.745465346104
567.0,100.0,2.272727272727273,19003085.0,231906.08028500632,0.0,0.0,2465.410483495112,0.0,0.0,0.0,8619.317721752259,-4.440892098500626e-16,0.010833333333333334,0.0,6608.529412617436,-6.661338147750939e-16,0.0,0.0,13910.519547119564,-2.220446049250313e-16,0.015555555555555555,0.0,8539.076598450712,8.881784197001252e-16,0.0,0.0,5539.499536098294,-2.220446049250313e-16,0.0,0.0,4830.32815605282,-2.220446049250313e-16,0.0,0.0,1342.9968788159715,0.0,0.0,0.0,7336.085217708856,-2.220446049250313e-16,0.0,0.0,5095.691101367488,0.0,0.02638888888888889,1908.3700427133238,64287.45465347851,0.0,6428.745465346104
568.0,104.0,2.4186046511627906,19003189.0,231908.4988896575,0.0,0.0,2465.410483495112,0.0,0.0,0.0,8619.317721752259,-4.440892098500626e-16,0.011111111111111112,0.0,6608.529412617436,-6.661338147750939e-16,0.0,1.9995054849050258,13912.519052604468,1.9995054849050256,0.015833333333333335,0.0,8539.076598450712,8.881784197001252e-16,0.0,0.0,5539.499536098294,-2.220446049250313e-16,0.0,0.0,4830.32815605282,-2.220446049250313e-16,0.0,0.0,1342.9968788159715,0.0,0.0,0.0,7336.085217708856,-2.220446049250313e-16,0.0,0.0,5095.691101367488,0.0,0.026944444444444444,1908.3700427133238,64289.454158963425,0.1999505484905026,6428.945415894594
569.0,102.0,2.372093023255814,19003291.0,231910.87098268076,0.0,0.0,2465.410483495112,0.0,0.0,0.0,8619.317721752259,-4.440892098500626e-16,0.01138888888888889,0.0,6608.529412617436,-6.661338147750939e-16,0.0,0.0,13912.519052604468,-2.220446049250313e-16,0.01611111111111111,0.0,8539.076598450712,8.881784197001252e-16,0.0,0.0,5539.499536098294,-2.220446049250313e-16,0.0,0.0,4830.32815605282,-2.220446049250313e-16,0.0,0.0,1342.9968788159715,0.0,0.0,0.0,7336.085217708856,-2.220446049250313e-16,0.0,0.0,5095.691101367488,0.0,0.0275,1908.3700427133238,64289.454158963425,0.0,6428.945415894594
570.0,105.0,2.5,19003396.0,231913.37098268076,0.0,0.0,2465.410483495112,0.0,0.0,0.0,8619.317721752259,-4.440892098500626e-16,0.011666666666666667,0.0,6608.529412617436,-6.661338147750939e-16,0.0,0.0,13912.519052604468,-2.220446049250313e-16,0.01638888888888889,0.0,8539.076598450712,8.881784197001252e-16,0.0,0.0,5539.499536098294,-2.220446049250313e-16,0.0,0.0,4830.32815605282,-2.220446049250313e-16,0.0,0.0,1342.9968788159715,0.0,0.0,0.0,7336.085217708856,-2.220446049250313e-16,0.0,0.0,5095.691101367488,0.0,0.028055555555555556,1908.3700427133238,64289.454158963425,0.0,6428.945415894594
571.0,108.0,2.204081632653061,19003504.0,231915.57506431342,0.0,0.0,2465.410483495112,0.0,0.0,0.0,8619.317721752259,-4.440892098500626e-16,0.011944444444444445,0.0,6608.529412617436,-6.661338147750939e-16,0.0,1.9230664408375933,13914.442119045305,1.923066440837593,0.016666666666666666,0.0,8539.076598450712,8.881784197001252e-16,0.0,0.0,5539.499536098294,-2.220446049250313e-16,0.0,0.0,4830.32815605282,-2.220446049250313e-16,0.0,0.0,1342.9968788159715,0.0,0.0,0.0,7336.085217708856,-2.220446049250313e-16,0.0,0.0,5095.691101367488,0.0,0.02861111111111111,1908.3700427133238,64291.37722540426,0.19230664408375933,6429.137722538678
572.0,111.0,2.2653061224489797,19003615.0,231917.84037043588,0.0,0.0,2465.410483495112,0.0,0.0,2.0,8621.317721752259,1.9999999999999996,0.012222222222222223,0.0,6608.529412617436,-6.661338147750939e-16,0.0,0.0,13914.442119045305,-2.220446049250313e-16,0.016944444444444446,0.0,8539.076598450712,8.881784197001252e-16,0.0,-1.05,5538.449536098294,-1.0500000000000003,0.0,0.0,4830.32815605282,-2.220446049250313e-16,0.0,0.0,1342.9968788159715,0.0,0.0,0.0,7336.085217708856,-2.220446049250313e-16,0.0,0.0,5095.691101367488,0.0,0.029166666666666667,1909.4200427133237,64292.32722540426,0.095,6429.232722538678
573.0,114.0,2.326530612244898,19003729.0,231920.16690104813,0.0,2.0,2467.410483495112,2.0,0.0,0.0,8621.317721752259,-4.440892098500626e-16,0.0125,0.0,6608.529412617436,-6.661338147750939e-16,0.0,0.0,13914.442119045305,-2.220446049250313e-16,0.017222222222222222,2.0,8541.076598450712,2.000000000000001,0.0,0.0,5538.449536098294,-2.220446049250313e-16,0.0,0.0,4830.32815605282,-2.220446049250313e-16,0.0,0.0,1342.9968788159715,0.0,0.0,0.0,7336.085217708856,-2.220446049250313e-16,0.0,0.0,5095.691101367488,0.0,0.029722222222222223,1909.4200427133237,64296.32722540426,0.4,6429.632722538678
574.0,117.0,2.4375,19003846.0,231922.60440104813,0.0,0.0,2467.410483495112,0.0,0.0,0.0,8621.317721752259,-4.440892098500626e-16,0.012777777777777779,0.0,6608.529412617436,-6.661338147750939e-16,0.0,0.0,13914.442119045305,-2.220446049250313e-16,0.0175,0.0,8541.076598450712,8.881784197001252e-16,0.0,0.0,5538.449536098294,-2.220446049250313e-16,0.0,0.0,4830.32815605282,-2.220446049250313e-16,0.0,0.0,1342.9968788159715,0.0,0.0,0.0,7336.085217708856,-2.220446049250313e-16,0.0,0.0,5095.691101367488,0.0,0.03027777777777778,1909.4200427133237,64296.32722540426,0.0,6429.632722538678
575.0,120.0,2.5,19003966.0,231925.10440104813,0.0,0.0,2467.410483495112,0.0,0.0,0.0,8621.317721752259,-4.440892098500626e-16,0.013055555555555556,2.0,6610.529412617436,1.9999999999999993,0.0,0.0,13914.442119045305,-2.220446049250313e-16,0.017777777777777778,0.0,8541.076598450712,8.881784197001252e-16,0.0,0.0,5538.449536098294,-2.220446049250313e-16,0.0,0.0,4830.32815605282,-2.220446049250313e-16,0.0,0.0,1342.9968788159715,0.0,0.0,0.0,7336.085217708856,-2.220446049250313e-16,0.0,0.0,5095.691101367488,0.0,0.030833333333333334,1909.4200427133237,64298.32722540426,0.2,6429.832722538677
576.0,123.0,2.5625,19004089.0,231927.66690104813,0.0,0.0,2467.410483495112,0.0,0.0,0.0,8621.317721752259,-4.440892098500626e-16,0.013333333333333334,1.7665279013402135,6612.295940518776,1.7665279013402129,0.0,0.0,13914.442119045305,-2.220446049250313e-16,0.018055555555555554,0.0,8541.076598450712,8.881784197001252e-16,0.0,0.0,5538.449536098294,-2.220446049250313e-16,0.0,0.0,4830.32815605282,-2.220446049250313e-16,0.0,0.0,1342.9968788159715,0.0,0.0,0.0,7336.085217708856,-2.220446049250313e-16,0.0,0.0,5095.691101367488,0.0,0.03138888888888889,1909.4200427133237,64300.09375330559,0.17665279013402135,6430.009375328811
577.0,126.0,2.6808510638297873,19004215.0,231930.34775211196,0.0,0.0,2467.410483495112,0.0,0.0,0.0,8621.317721752259,-4.440892098500626e-16,0.01361111111111111,0.0,6612.295940518776,-6.661338147750939e-16,0.0,0.0,13914.442119045305,-2.220446049250313e-16,0.018333333333333333,0.0,8541.076598450712,8.881784197001252e-16,0.0,0.0,5538.449536098294,-2.220446049250313e-16,0.0,0.0,4830.32815605282,-2.220446049250313e-16,0.0,0.0,1342.9968788159715,0.0,0.0,0.0,7336.085217708856,-2.220446049250313e-16,0.0,0.0,5095.691101367488,0.0,0.03194444444444444,1909.4200427133237,64300.09375330559,0.0,6430.009375328811
578.0,118.0,2.6222222222222222,19004333.0,231932.96997433418,0.0,0.0,2467.410483495112,0.0,0.0,0.0,8621.317721752259,-4.440892098500626e-16,0.014166666666666666,2.0,6614.295940518776,1.9999999999999993,0.0,0.0,13914.442119045305,-2.220446049250313e-16,0.01861111111111111,0.0,8541.076598450712,8.881784197001252e-16,0.0,0.0,5538.449536098294,-2.220446049250313e-16,0.0,0.0,4830.32815605282,-2.220446049250313e-16,0.0,0.0,1342.9968788159715,0.0,0.0,0.0,7336.085217708856,-2.220446049250313e-16,0.0,0.0,5095.691101367488,0.0,0.032777777777777774,1909.4200427133237,64302.09375330559,0.2,6430.209375328811
579.0,119.0,2.7045454545454546,19004452.0,231935.67451978874,0.0,0.0,2467.410483495112,0.0,0.0,2.0,8623.317721752259,1.9999999999999996,0.014166666666666666,0.0,6614.295940518776,-6.661338147750939e-16,0.0,1.0724095706701393,13915.514528615975,1.072409570670139,0.01888888888888889,0.0,8541.076598450712,8.881784197001252e-16,0.0,0.0,5538.449536098294,-2.220446049250313e-16,0.0,0.0,4830.32815605282,-2.220446049250313e-16,0.0,0.0,1342.9968788159715,0.0,0.0,0.0,7336.085217708856,-2.220446049250313e-16,0.0,0.0,5095.691101367488,0.0,0.03305555555555555,1909.4200427133237,64305.16616287626,0.30724095706701393,6430.516616285878
580.0,69.0,1.5681818181818181,19004521.0,231937.2427016069,0.0,0.0,2467.410483495112,0.0,0.0,0.0,8623.317721752259,-4.440892098500626e-16,0.0,0.0,6614.295940518776,-6.661338147750939e-16,0.0,0.0,13915.514528615975,-2.220446049250313e-16,0.019166666666666665,1.05,8542.126598450712,1.050000000000001,0.0,0.0,5538.449536098294,-2.220446049250313e-16,0.0,0.0,4830.32815605282,-2.220446049250313e-16,0.0,0.0,1342.9968788159715,0.0,0.0,0.0,7336.085217708856,-2.220446049250313e-16,0.0,0.0,5095.691101367488,0.0,0.019166666666666665,1909.4200427133237,64306.21616287626,0.10500000000000001,6430.621616285877
581.0,70.0,1.5909090909090908,19004591.0,231938.83361069782,0.0,0.0,2467.410483495112,0.0,0.0,0.0,8623.317721752259,-4.440892098500626e-16,0.0,0.0,6614.295940518776,-6.661338147750939e-16,0.0,2.0,13917.514528615975,1.9999999999999998,0.019444444444444445,0.33585004542378755,8542.462448496135,0.3358500454237885,0.0,0.0,5538.449536098294,-2.220446049250313e-16,0.0,0.0,4830.32815605282,-2.220446049250313e-16,0.0,0.0,1342.9968788159715,0.0,0.0,0.0,7336.085217708856,-2.220446049250313e-16,0.0,0.0,5095.691101367488,0.0,0.019444444444444445,1909.4200427133237,64308.55201292168,0.23358500454237877,6430.855201290419
582.0,71.0,1.6136363636363635,19004662.0,231940.44724706147,0.0,0.0,2467.410483495112,0.0,0.0,0.0,8623.317721752259,-4.440892098500626e-16,0.0,0.0,6614.295940518776,-6.661338147750939e-16,0.0,0.0,13917.514528615975,-2.220446049250313e-16,0.01972222222222222,0.0,8542.462448496135,9.43689570931383e-16,0.0,0.0,5538.449536098294,-2.220446049250313e-16,0.0,0.0,4830.32815605282,-2.220446049250313e-16,0.0,0.0,1342.9968788159715,0.0,0.0,0.0,7336.085217708856,-2.220446049250313e-16,0.0,0.0,5095.691101367488,0.0,0.01972222222222222,1909.4200427133237,64308.55201292168,0.0,6430.855201290419
583.0,72.0,1.6363636363636365,19004734.0,231942.08361069782,0.0,1.9946922172214705,2469.405175712334,1.9946922172214705,0.0,0.0,8623.317721752259,-4.440892098500626e-16,0.0,0.0,6614.295940518776,-6.661338147750939e-16,0.0,0.0,13917.514528615975,-2.220446049250313e-16,0.02,0.0,8542.462448496135,9.43689570931383e-16,0.0,1.4359993242699178,5539.885535422563,1.4359993242699176,0.0,0.0,4830.32815605282,-2.220446049250313e-16,0.0,0.0,1342.9968788159715,0.0,0.0,0.0,7336.085217708856,-2.220446049250313e-16,0.0,0.0,5095.691101367488,0.0,0.02,1909.4200427133237,64311.98270446319,0.3430691541491388,6431.198270444568
584.0,73.0,1.697674418604651,19004807.0,231943.78128511642,0.0,0.0,2469.405175712334,0.0,0.0,0.0,8623.317721752259,-4.440892098500626e-16,0.0,0.0,6614.295940518776,-6.661338147750939e-16,0.0,0.0,13917.514528615975,-2.220446049250313e-16,0.020277777777777777,0.0,8542.462448496135,9.43689570931383e-16,0.0,0.0,5539.885535422563,-2.220446049250313e-16,0.0,0.0,4830.32815605282,-2.220446049250313e-16,0.0,0.0,1342.9968788159715,0.0,0.0,0.0,7336.085217708856,-2.220446049250313e-16,0.0,0.0,5095.691101367488,0.0,0.020277777777777777,1909.4200427133237,64311.98270446319,0.0,6431.198270444568
585.0,75.0,1.744186046511628,19004882.0,231945.52547116292,0.0,0.0,2469.405175712334,0.0,0.0,0.0,8623.317721752259,-4.440892098500626e-16,0.0,0.0,6614.295940518776,-6.661338147750939e-16,0.0,0.0,13917.514528615975,-2.220446049250313e-16,0.020555555555555556,0.0,8542.462448496135,9.43689570931383e-16,0.0,0.0,5539.885535422563,-2.220446049250313e-16,0.0,0.0,4830.32815605282,-2.220446049250313e-16,0.0,0.0,1342.9968788159715,0.0,0.0,0.0,7336.085217708856,-2.220446049250313e-16,0.0,0.0,5095.691101367488,0.0,0.020555555555555556,1909.4200427133237,64311.98270446319,0.0,6431.198270444568
586.0,77.0,1.7906976744186047,19004959.0,231947.31616883734,0.0,0.0,2469.405175712334,0.0,0.0,0.0,8623.317721752259,-4.440892098500626e-16,0.0,0.0,6614.295940518776,-6.661338147750939e-16,0.0,0.8238323398809413,13918.338360955857,0.8238323398809411,0.020833333333333332,0.0,8542.462448496135,9.43689570931383e-16,0.0,0.0,5539.885535422563,-2.220446049250313e-16,0.0,0.0,4830.32815605282,-2.220446049250313e-16,0.0,0.0,1342.9968788159715,0.0,0.0,0.0,7336.085217708856,-2.220446049250313e-16,0.0,0.0,5095.691101367488,0.0,0.020833333333333332,1909.4200427133237,64312.80653680307,0.08238323398809413,6431.2806536785565
587.0,79.0,1.8372093023255813,19005038.0,231949.15337813966,0.0,0.0,2469.405175712334,0.0,0.0,0.0,8623.317721752259,-4.440892098500626e-16,0.0,1.9934560264629277,6616.289396545239,1.993456026462927,0.0,1.05,13919.388360955856,1.0499999999999998,0.021111111111111112,0.0,8542.462448496135,9.43689570931383e-16,0.0,0.0,5539.885535422563,-2.220446049250313e-16,0.0,0.0,4830.32815605282,-2.220446049250313e-16,0.0,0.0,1342.9968788159715,0.0,0.0,2.0,7338.085217708856,1.9999999999999998,0.0,0.0,5095.691101367488,0.0,0.021111111111111112,1909.4200427133237,64317.84999282953,0.5043456026462928,6431.7849992812025
588.0,81.0,1.8837209302325582,19005119.0,231951.0370990699,0.0,0.0,2469.405175712334,0.0,0.0,0.0,8623.317721752259,-4.440892098500626e-16,0.0,0.0,6616.289396545239,-6.661338147750939e-16,0.0,0.0,13919.388360955856,-2.220446049250313e-16,0.021388888888888888,0.0,8542.462448496135,9.43689570931383e-16,0.0,0.0,5539.885535422563,-2.220446049250313e-16,0.0,0.0,4830.32815605282,-2.220446049250313e-16,0.0,0.0,1342.9968788159715,0.0,0.0,0.0,7338.085217708856,-2.220446049250313e-16,0.0,0.0,5095.691101367488,0.0,0.021388888888888888,1909.4200427133237,64317.84999282953,0.0,6431.7849992812025
589.0,84.0,2.0,19005203.0,231953.0370990699,0.0,0.0,2469.405175712334,0.0,0.0,0.0,8623.317721752259,-4.440892098500626e-16,0.0,0.0,6616.289396545239,-6.661338147750939e-16,0.0,0.0,13919.388360955856,-2.220446049250313e-16,0.021666666666666667,0.0,8542.462448496135,9.43689570931383e-16,0.0,0.0,5539.885535422563,-2.220446049250313e-16,0.0,0.0,4830.32815605282,-2.220446049250313e-16,0.0,0.0,1342.9968788159715,0.0,0.0,0.0,7338.085217708856,-2.220446049250313e-16,0.0,0.0,5095.691101367488,0.0,0.021666666666666667,1909.4200427133237,64317.84999282953,0.0,6431.7849992812025
590.0,85.0,2.0238095238095237,19005288.0,231955.0609085937,0.0,0.0,2469.405175712334,0.0,0.0,2.0,8625.317721752259,1.9999999999999996,0.0,0.0,6616.289396545239,-6.661338147750939e-16,0.0,0.0,13919.388360955856,-2.220446049250313e-16,0.021944444444444444,0.0,8542.462448496135,9.43689570931383e-16,0.0,0.0,5539.885535422563,-2.220446049250313e-16,0.0,0.0,4830.32815605282,-2.220446049250313e-16,0.0,0.0,1342.9968788159715,0.0,0.0,0.0,7338.085217708856,-2.220446049250313e-16,0.0,0.0,5095.691101367488,0.0,0.021944444444444444,1909.4200427133237,64319.84999282953,0.2,6431.984999281202
591.0,81.0,1.9285714285714286,19005369.0,231956.98948002228,0.0,0.0,2469.405175712334,0.0,0.0,0.0,8625.317721752259,-4.440892098500626e-16,0.0,0.0,6616.289396545239,-6.661338147750939e-16,0.0,0.0,13919.388360955856,-2.220446049250313e-16,0.0225,0.0,8542.462448496135,9.43689570931383e-16,0.0,0.0,5539.885535422563,-2.220446049250313e-16,0.0,0.0,4830.32815605282,-2.220446049250313e-16,0.0,0.0,1342.9968788159715,0.0,0.0,0.0,7338.085217708856,-2.220446049250313e-16,0.0,0.0,5095.691101367488,0.0,0.0225,1909.4200427133237,64319.84999282953,0.0,6431.984999281202
592.0,83.0,1.9761904761904763,19005452.0,231958.96567049847,0.0,0.0,2469.405175712334,0.0,0.0,0.0,8625.317721752259,-4.440892098500626e-16,0.0,0.0,6616.289396545239,-6.661338147750939e-16,0.0,0.0,13919.388360955856,-2.220446049250313e-16,0.023055555555555555,0.0,8542.462448496135,9.43689570931383e-16,0.0,0.0,5539.885535422563,-2.220446049250313e-16,0.0,0.0,4830.32815605282,-2.220446049250313e-16,0.0,0.0,1342.9968788159715,0.0,0.0,0.0,7338.085217708856,-2.220446049250313e-16,0.0,0.0,5095.691101367488,0.0,0.023055555555555555,1909.4200427133237,64319.84999282953,0.0,6431.984999281202
593.0,85.0,2.073170731707317,19005537.0,231961.03884123018,0.0,0.0,2469.405175712334,0.0,0.0,0.0,8625.317721752259,-4.440892098500626e-16,0.0,0.0,6616.289396545239,-6.661338147750939e-16,0.0,0.0,13919.388360955856,-2.220446049250313e-16,0.02361111111111111,0.0,8542.462448496135,9.43689570931383e-16,0.0,0.0,5539.885535422563,-2.220446049250313e-16,0.0,0.0,4830.32815605282,-2.220446049250313e-16,0.0,0.0,1342.9968788159715,0.0,0.0,0.0,7338.085217708856,-2.220446049250313e-16,0.0,0.0,5095.691101367488,0.0,0.02361111111111111,1909.4200427133237,64319.84999282953,0.0,6431.984999281202
594.0,87.0,2.1219512195121952,19005624.0,231963.1607924497,0.0,0.0,2469.405175712334,0.0,0.0,0.0,8625.317721752259,-4.440892098500626e-16,0.0,0.0,6616.289396545239,-6.661338147750939e-16,0.0,0.0,13919.388360955856,-2.220446049250313e-16,0.024166666666666666,0.0,8542.462448496135,9.43689570931383e-16,0.0,0.0,5539.885535422563,-2.220446049250313e-16,0.0,0.0,4830.32815605282,-2.220446049250313e-16,0.0,0.0,1342.9968788159715,0.0,0.0,1.9473841865644033,7340.032601895421,1.947384186564403,0.0,0.0,5095.691101367488,0.0,0.024166666666666666,1909.4200427133237,64321.79737701609,0.19473841865644032,6432.179737699858
595.0,84.0,2.048780487804878,19005708.0,231965.20957293749,0.0,0.0,2469.405175712334,0.0,0.0,0.0,8625.317721752259,-4.440892098500626e-16,0.0,0.0,6616.289396545239,-6.661338147750939e-16,0.0,0.0,13919.388360955856,-2.220446049250313e-16,0.023333333333333334,0.0,8542.462448496135,9.43689570931383e-16,0.0,0.0,5539.885535422563,-2.220446049250313e-16,0.0,2.0,4832.32815605282,1.9999999999999998,0.0,0.0,1342.9968788159715,0.0,0.0,0.0,7340.032601895421,-2.220446049250313e-16,0.0,0.0,5095.691101367488,0.0,0.023333333333333334,1909.4200427133237,64323.79737701609,0.2,6432.379737699858
596.0,0.0,0.0,19005708.0,231965.20957293749,0.0,0.0,2469.405175712334,0.0,0.0,0.0,8625.317721752259,-4.440892098500626e-16,0.0,0.0,6616.289396545239,-6.661338147750939e-16,0.0,0.0,13919.388360955856,-2.220446049250313e-16,0.0,0.0,8542.462448496135,9.43689570931383e-16,0.0,0.0,5539.885535422563,-2.220446049250313e-16,0.0,0.0,4832.32815605282,-2.220446049250313e-16,0.0,0.0,1342.9968788159715,0.0,0.0,0.0,7340.032601895421,-2.220446049250313e-16,0.0,0.0,5095.691101367488,0.0,0.0,1909.4200427133237,64323.79737701609,0.0,6432.379737699858
597.0,1.0,0.024390243902439025,19005709.0,231965.23396318138,0.0,0.0,2469.405175712334,0.0,0.0,0.0,8625.317721752259,-4.440892098500626e-16,0.0,0.0,6616.289396545239,-6.661338147750939e-16,0.0,0.0,13919.388360955856,-2.220446049250313e-16,0.0,0.0,8542.462448496135,9.43689570931383e-16,0.0,0.0,5539.885535422563,-2.220446049250313e-16,0.0,0.0,4832.32815605282,-2.220446049250313e-16,0.0,0.0,1342.9968788159715,0.0,0.0,0.0,7340.032601895421,-2.220446049250313e-16,0.0,0.0,5095.691101367488,0.0,0.0,1909.4200427133237,64323.79737701609,0.0,6432.379737699858
598.0,0.0,0.0,19005709.0,231965.23396318138,0.0,0.0,2469.405175712334,0.0,0.0,0.0,8625.317721752259,-4.440892098500626e-16,0.0,0.0,6616.289396545239,-6.661338147750939e-16,0.0,0.0,13919.388360955856,-2.220446049250313e-16,0.0,0.0,8542.462448496135,9.43689570931383e-16,0.0,0.0,5539.885535422563,-2.220446049250313e-16,0.0,0.0,4832.32815605282,-2.220446049250313e-16,0.0,0.0,1342.9968788159715,0.0,0.0,0.0,7340.032601895421,-2.220446049250313e-16,0.0,0.0,5095.691101367488,0.0,0.0,1909.4200427133237,64323.79737701609,0.0,6432.379737699858
599.0,0.0,0.0,19005709.0,231965.23396318138,0.0,0.0,2469.405175712334,0.0,0.0,0.0,8625.317721752259,-4.440892098500626e-16,0.0,0.0,6616.289396545239,-6.661338147750939e-16,0.0,0.0,13919.388360955856,-2.220446049250313e-16,0.0,0.0,8542.462448496135,9.43689570931383e-16,0.0,0.0,5539.885535422563,-2.220446049250313e-16,0.0,0.0,4832.32815605282,-2.220446049250313e-16,0.0,0.0,1342.9968788159715,0.0,0.0,0.0,7340.032601895421,-2.220446049250313e-16,0.0,0.0,5095.691101367488,0.0,0.0,1909.4200427133237,64323.79737701609,0.0,6432.379737699858
600.0,2.0,0.05,19005711.0,231965.28396318137,0.0,0.0,2469.405175712334,0.0,0.0,0.0,8625.317721752259,-4.440892098500626e-16,0.0,0.0,6616.289396545239,-6.661338147750939e-16,0.0002777777777777778,0.0,13919.388360955856,-2.220446049250313e-16,0.0,1.8522477700529085,8544.314696266189,1.8522477700529094,0.0,0.0,5539.885535422563,-2.220446049250313e-16,0.0,0.0,4832.32815605282,-2.220446049250313e-16,0.0,0.0,1342.9968788159715,0.0,0.0,0.0,7340.032601895421,-2.220446049250313e-16,0.0,0.0,5095.691101367488,0.0,0.0002777777777777778,1909.4200427133237,64325.64962478615,0.18522477700529086,6432.564962476864
601.0,0.0,0.0,19005711.0,231965.28396318137,0.0,0.0,2469.405175712334,0.0,0.0,0.0,8625.317721752259,-4.440892098500626e-16,0.0,0.0,6616.289396545239,-6.661338147750939e-16,0.0,0.0,13919.388360955856,-2.220446049250313e-16,0.0,0.0,8544.314696266189,8.881784197001252e-16,0.0,0.0,5539.885535422563,-2.220446049250313e-16,0.0,0.0,4832.32815605282,-2.220446049250313e-16,0.0,0.0,1342.9968788159715,0.0,0.0,0.0,7340.032601895421,-2.220446049250313e-16,0.0,0.0,5095.691101367488,0.0,0.0,1909.4200427133237,64325.64962478615,0.0,6432.564962476864
602.0,0.0,0.0,19005711.0,231965.28396318137,0.0,0.0,2469.405175712334,0.0,0.0,2.0,8627.317721752259,1.9999999999999996,0.0,1.9844357892985816,6618.2738323345375,1.9844357892985809,0.0,0.0,13919.388360955856,-2.220446049250313e-16,0.0,0.0,8544.314696266189,8.881784197001252e-16,0.0,0.9478691080652362,5540.833404530628,0.9478691080652359,0.0,0.0,4832.32815605282,-2.220446049250313e-16,0.0,0.0,1342.9968788159715,0.0,0.0,0.0,7340.032601895421,-2.220446049250313e-16,0.0,0.0,5095.691101367488,0.0,0.0,1909.4200427133237,64330.58192968351,0.4932304897363817,6433.0581929666005
603.0,0.0,0.0,19005711.0,231965.28396318137,0.0,0.0,2469.405175712334,0.0,0.0,0.17230647725887044,8627.490028229518,0.17230647725887005,0.0,0.0,6618.2738323345375,-6.661338147750939e-16,0.0,0.0,13919.388360955856,-2.220446049250313e-16,0.0,0.0,8544.314696266189,8.881784197001252e-16,0.0,0.0,5540.833404530628,-2.220446049250313e-16,0.0,0.0,4832.32815605282,-2.220446049250313e-16,0.0,0.0,1342.9968788159715,0.0,0.0,0.0,7340.032601895421,-2.220446049250313e-16,0.0,0.0,5095.691101367488,0.0,0.0,1909.4200427133237,64330.75423616076,0.017230647725887043,6433.075423614327
604.0,0.0,0.0,19005711.0,231965.28396318137,0.0,0.0,2469.405175712334,0.0,0.0,0.0,8627.490028229518,-3.885780586188048e-16,0.0,0.0,6618.2738323345375,-6.661338147750939e-16,0.0,0.0,13919.388360955856,-2.220446049250313e-16,0.0,0.0,8544.314696266189,8.881784197001252e-16,0.0,0.0,5540.833404530628,-2.220446049250313e-16,0.0,0.0,4832.32815605282,-2.220446049250313e-16,0.0,0.0,1342.9968788159715,0.0,0.0,0.0,7340.032601895421,-2.220446049250313e-16,0.0,0.0,5095.691101367488,0.0,0.0,1909.4200427133237,64330.75423616076,0.0,6433.075423614327
605.0,0.0,0.0,19005711.0,231965.28396318137,0.0,0.0,2469.405175712334,0.0,0.0,0.0,8627.490028229518,-3.885780586188048e-16,0.0,1.7641666967912695,6620.037999031329,1.7641666967912688,0.0,0.0,13919.388360955856,-2.220446049250313e-16,0.0,0.0,8544.314696266189,8.881784197001252e-16,0.0,0.0,5540.833404530628,-2.220446049250313e-16,0.0,0.0,4832.32815605282,-2.220446049250313e-16,0.0,0.0,1342.9968788159715,0.0,0.0,0.0,7340.032601895421,-2.220446049250313e-16,0.0,0.0,5095.691101367488,0.0,0.0,1909.4200427133237,64332.51840285756,0.17641666967912695,6433.251840284006
606.0,0.0,0.0,19005711.0,231965.28396318137,0.0,0.0,2469.405175712334,0.0,0.0,0.0,8627.490028229518,-3.885780586188048e-16,0.0,0.0,6620.037999031329,-6.661338147750939e-16,0.0,0.0,13919.388360955856,-2.220446049250313e-16,0.0,0.0,8544.314696266189,8.881784197001252e-16,0.0,0.0,5540.833404530628,-2.220446049250313e-16,0.0,0.0,4832.32815605282,-2.220446049250313e-16,0.0,0.0,1342.9968788159715,0.0,0.0,0.0,7340.032601895421,-2.220446049250313e-16,0.0,0.0,5095.691101367488,0.0,0.0,1909.4200427133237,64332.51840285756,0.0,6433.251840284006
607.0,0.0,0.0,19005711.0,231965.28396318137,0.0,0.0,2469.405175712334,0.0,0.0,0.0,8627.490028229518,-3.885780586188048e-16,0.0,0.0,6620.037999031329,-6.661338147750939e-16,0.0,0.0,13919.388360955856,-2.220446049250313e-16,0.0,0.0,8544.314696266189,8.881784197001252e-16,0.0,0.0,5540.833404530628,-2.220446049250313e-16,0.0,0.0,4832.32815605282,-2.220446049250313e-16,0.0,0.0,1342.9968788159715,0.0,0.0,0.0,7340.032601895421,-2.220446049250313e-16,0.0,0.0,5095.691101367488,0.0,0.0,1909.4200427133237,64332.51840285756,0.0,6433.251840284006
608.0,0.0,0.0,19005711.0,231965.28396318137,0.0,0.0,2469.405175712334,0.0,0.0,0.0,8627.490028229518,-3.885780586188048e-16,0.0,0.0,6620.037999031329,-6.661338147750939e-16,0.0,2.0,13921.388360955856,1.9999999999999998,0.0,0.0,8544.314696266189,8.881784197001252e-16,0.0,0.0,5540.833404530628,-2.220446049250313e-16,0.0,0.0,4832.32815605282,-2.220446049250313e-16,0.0,0.0,1342.9968788159715,0.0,0.0,0.0,7340.032601895421,-2.220446049250313e-16,0.0,0.0,5095.691101367488,0.0,0.0,1909.4200427133237,64334.51840285756,0.2,6433.451840284006
609.0,0.0,0.0,19005711.0,231965.28396318137,0.0,0.0,2469.405175712334,0.0,0.0,0.0,8627.490028229518,-3.885780586188048e-16,0.0,0.0,6620.037999031329,-6.661338147750939e-16,0.0,0.0,13921.388360955856,-2.220446049250313e-16,0.0,-1.3901204614716354,8542.924575804716,-1.3901204614716345,0.0,0.0,5540.833404530628,-2.220446049250313e-16,0.0,0.0,4832.32815605282,-2.220446049250313e-16,0.0,0.0,1342.9968788159715,0.0,0.0,0.0,7340.032601895421,-2.220446049250313e-16,0.0,0.0,5095.691101367488,0.0,0.0,1910.8101631747954,64333.12828239609,-0.13901204614716353,6433.312828237858
610.0,0.0,0.0,19005711.0,231965.28396318137,0.0,0.0,2469.405175712334,0.0,0.0,0.0,8627.490028229518,-3.885780586188048e-16,0.0,0.0,6620.037999031329,-6.661338147750939e-16,0.0,0.0,13921.388360955856,-2.220446049250313e-16,0.0,2.0,8544.924575804716,2.000000000000001,0.0,0.0,5540.833404530628,-2.220446049250313e-16,0.0,0.0,4832.32815605282,-2.220446049250313e-16,0.0,0.0,1342.9968788159715,0.0,0.0,2.0,7342.032601895421,1.9999999999999998,0.0,0.0,5095.691101367488,0.0,0.0,1910.8101631747954,64337.12828239609,0.4,6433.712828237858
611.0,0.0,0.0,19005711.0,231965.28396318137,0.0,0.0,2469.405175712334,0.0,0.0,0.0,8627.490028229518,-3.885780586188048e-16,0.0,0.0,6620.037999031329,-6.661338147750939e-16,0.0,0.0,13921.388360955856,-2.220446049250313e-16,0.0,0.0,8544.924575804716,8.881784197001252e-16,0.0,0.0,5540.833404530628,-2.220446049250313e-16,0.0,0.0,4832.32815605282,-2.220446049250313e-16,0.0,0.0,1342.9968788159715,0.0,0.0,0.0,7342.032601895421,-2.220446049250313e-16,0.0,0.0,5095.691101367488,0.0,0.0,1910.8101631747954,64337.12828239609,0.0,6433.712828237858
612.0,0.0,0.0,19005711.0,231965.28396318137,0.0,0.0,2469.405175712334,0.0,0.0,0.0,8627.490028229518,-3.885780586188048e-16,0.0,0.0,6620.037999031329,-6.661338147750939e-16,0.0,0.0,13921.388360955856,-2.220446049250313e-16,0.0,0.0,8544.924575804716,8.881784197001252e-16,0.0,1.1,5541.933404530629,1.0999999999999999,0.0,0.0,4832.32815605282,-2.220446049250313e-16,0.0,0.0,1342.9968788159715,0.0,0.0,0.0,7342.032601895421,-2.220446049250313e-16,0.0,2.0,5097.691101367488,2.0,0.0,1910.8101631747954,64340.22828239609,0.31,6434.022828237858
613.0,0.0,0.0,19005711.0,231965.28396318137,0.0,0.0,2469.405175712334,0.0,0.0,0.0,8627.490028229518,-3.885780586188048e-16,0.0,0.0,6620.037999031329,-6.661338147750939e-16,0.0,0.0,13921.388360955856,-2.220446049250313e-16,0.0,0.0,8544.924575804716,8.881784197001252e-16,0.0,0.0,5541.933404530629,-2.220446049250313e-16,0.0,0.0,4832.32815605282,-2.220446049250313e-16,0.0,0.0,1342.9968788159715,0.0,0.0,0.0,7342.032601895421,-2.220446049250313e-16,0.0,0.0,5097.691101367488,0.0,0.0,1910.8101631747954,64340.22828239609,0.0,6434.022828237858
614.0,0.0,0.0,19005711.0,231965.28396318137,0.0,0.0,2469.405175712334,0.0,0.0,0.0,8627.490028229518,-3.885780586188048e-16,0.0,0.0,6620.037999031329,-6.661338147750939e-16,0.0,0.0,13921.388360955856,-2.220446049250313e-16,0.0,0.0,8544.924575804716,8.881784197001252e-16,0.0,0.0,5541.933404530629,-2.220446049250313e-16,0.0,0.0,4832.32815605282,-2.220446049250313e-16,0.0,0.0,1342.9968788159715,0.0,0.0,0.0,7342.032601895421,-2.220446049250313e-16,0.0,0.0,5097.691101367488,0.0,0.0,1910.8101631747954,64340.22828239609,0.0,6434.022828237858
615.0,0.0,0.0,19005711.0,231965.28396318137,0.0,0.0,2469.405175712334,0.0,0.0,0.0,8627.490028229518,-3.885780586188048e-16,0.0,0.0,6620.037999031329,-6.661338147750939e-16,0.0,2.0,13923.388360955856,1.9999999999999998,0.0,0.0,8544.924575804716,8.881784197001252e-16,0.0,0.0,5541.933404530629,-2.220446049250313e-16,0.0,0.0,4832.32815605282,-2.220446049250313e-16,0.0,0.0,1342.9968788159715,0.0,0.0,0.0,7342.032601895421,-2.220446049250313e-16,0.0,0.0,5097.691101367488,0.0,0.0,1910.8101631747954,64342.22828239609,0.2,6434.222828237858
616.0,0.0,0.0,19005711.0,231965.28396318137,0.0,0.0,2469.405175712334,0.0,0.0,0.0,8627.490028229518,-3.885780586188048e-16,0.0,0.0,6620.037999031329,-6.661338147750939e-16,0.0,-1.0315377822631513,13922.356823173594,-1.0315377822631515,0.0,0.0,8544.924575804716,8.881784197001252e-16,0.0,0.0,5541.933404530629,-2.220446049250313e-16,0.0,0.0,4832.32815605282,-2.220446049250313e-16,0.0,0.0,1342.9968788159715,0.0,0.0,0.0,7342.032601895421,-2.220446049250313e-16,0.0,0.0,5097.691101367488,0.0,0.0,1911.8417009570585,64341.19674461383,-0.10315377822631513,6434.119674459632
617.0,0.0,0.0,19005711.0,231965.28396318137,0.0,0.0,2469.405175712334,0.0,0.0,0.0,8627.490028229518,-3.885780586188048e-16,0.0,0.0,6620.037999031329,-6.661338147750939e-16,0.0,0.0,13922.356823173594,-2.220446049250313e-16,0.0,0.0,8544.924575804716,8.881784197001252e-16,0.0,0.0,5541.933404530629,-2.220446049250313e-16,0.0,0.0,4832.32815605282,-2.220446049250313e-16,0.0,0.0,1342.9968788159715,0.0,0.0,0.0,7342.032601895421,-2.220446049250313e-16,0.0,0.0,5097.691101367488,0.0,0.0,1911.8417009570585,64341.19674461383,0.0,6434.119674459632
618.0,0.0,0.0,19005711.0,231965.28396318137,0.0,2.0,2471.405175712334,2.0,0.0,0.0,8627.490028229518,-3.885780586188048e-16,0.0,0.0,6620.037999031329,-6.661338147750939e-16,0.0,0.0,13922.356823173594,-2.220446049250313e-16,0.0,0.0,8544.924575804716,8.881784197001252e-16,0.0,0.0,5541.933404530629,-2.220446049250313e-16,0.0,0.0,4832.32815605282,-2.220446049250313e-16,0.0,0.0,1342.9968788159715,0.0,0.0,0.0,7342.032601895421,-2.220446049250313e-16,0.0,0.0,5097.691101367488,0.0,0.0,1911.8417009570585,64343.19674461383,0.2,6434.319674459632
619.0,0.0,0.0,19005711.0,231965.28396318137,0.0,0.0,2471.405175712334,0.0,0.0,0.0,8627.490028229518,-3.885780586188048e-16,0.0,0.0,6620.037999031329,-6.661338147750939e-16,0.0,0.0,13922.356823173594,-2.220446049250313e-16,0.0,0.0,8544.924575804716,8.881784197001252e-16,0.0,0.0,5541.933404530629,-2.220446049250313e-16,0.0,0.0,4832.32815605282,-2.220446049250313e-16,0.0,0.0,1342.9968788159715,0.0,0.0,0.0,7342.032601895421,-2.220446049250313e-16,0.0,0.0,5097.691101367488,0.0,0.0,1911.8417009570585,64343.19674461383,0.0,6434.319674459632
620.0,0.0,0.0,19005711.0,231965.28396318137,0.0,0.0,2471.405175712334,0.0,0.0,0.0,8627.490028229518,-3.885780586188048e-16,0.0,0.0,6620.037999031329,-6.661338147750939e-16,0.0,0.0,13922.356823173594,-2.220446049250313e-16,0.0,0.0,8544.924575804716,8.881784197001252e-16,0.0,0.0,5541.933404530629,-2.220446049250313e-16,0.0,0.0,4832.32815605282,-2.220446049250313e-16,0.0,0.0,1342.9968788159715,0.0,0.0,0.0,7342.032601895421,-2.220446049250313e-16,0.0,0.0,5097.691101367488,0.0,0.0,1911.8417009570585,64343.19674461383,0.0,6434.319674459632
621.0,0.0,0.0,19005711.0,231965.28396318137,0.0,0.0,2471.405175712334,0.0,0.0,0.0,8627.490028229518,-3.885780586188048e-16,0.0,0.0,6620.037999031329,-6.661338147750939e-16,0.0,0.0,13922.356823173594,-2.220446049250313e-16,0.0,0.0,8544.924575804716,8.881784197001252e-16,0.0,0.0,5541.933404530629,-2.220446049250313e-16,0.0,-0.43505076275040044,4831.89310529007,-0.43505076275040067,0.0,0.6139752033890217,1343.6108540193604,0.6139752033890217,0.0,0.0,7342.032601895421,-2.220446049250313e-16,0.0,0.0,5097.691101367488,0.0,0.0,1912.276751719809,64343.37566905447,0.017892444063862124,6434.337566903696
622.0,0.0,0.0,19005711.0,231965.28396318137,0.0,0.0,2471.405175712334,0.0,0.0,0.0,8627.490028229518,-3.885780586188048e-16,0.0,0.0,6620.037999031329,-6.661338147750939e-16,0.0,0.0,13922.356823173594,-2.220446049250313e-16,0.0,0.0,8544.924575804716,8.881784197001252e-16,0.0,0.0,5541.933404530629,-2.220446049250313e-16,0.0,0.0,4831.89310529007,-2.220446049250313e-16,0.0,0.0,1343.6108540193604,0.0,0.0,0.0,7342.032601895421,-2.220446049250313e-16,0.0,0.0,5097.691101367488,0.0,0.0,1912.276751719809,64343.37566905447,0.0,6434.337566903696
623.0,0.0,0.0,19005711.0,231965.28396318137,0.0,0.0,2471.405175712334,0.0,0.0,0.0,8627.490028229518,-3.885780586188048e-16,0.0,2.0,6622.037999031329,1.9999999999999993,0.0,0.0,13922.356823173594,-2.220446049250313e-16,0.0,0.0,8544.924575804716,8.881784197001252e-16,0.0,0.0,5541.933404530629,-2.220446049250313e-16,0.0,0.0,4831.89310529007,-2.220446049250313e-16,0.0,0.0,1343.6108540193604,0.0,0.0,0.0,7342.032601895421,-2.220446049250313e-16,0.0,0.0,5097.691101367488,0.0,0.0,1912.276751719809,64345.37566905447,0.2,6434.537566903696
624.0,0.0,0.0,19005711.0,231965.28396318137,0.0,0.0,2471.405175712334,0.0,0.0,0.0,8627.490028229518,-3.885780586188048e-16,0.0,0.0,6622.037999031329,-6.661338147750939e-16,0.0,0.0,13922.356823173594,-2.220446049250313e-16,0.0,0.0,8544.924575804716,8.881784197001252e-16,0.0,0.0,5541.933404530629,-2.220446049250313e-16,0.0,0.0,4831.89310529007,-2.220446049250313e-16,0.0,0.0,1343.6108540193604,0.0,0.0,2.0,7344.032601895421,1.9999999999999998,0.0,0.0,5097.691101367488,0.0,0.0,1912.276751719809,64347.37566905447,0.2,6434.737566903696
625.0,0.0,0.0,19005711.0,231965.28396318137,0.0,2.0,2473.405175712334,2.0,0.0,0.0,8627.490028229518,-3.885780586188048e-16,0.0,0.0,6622.037999031329,-6.661338147750939e-16,0.0,0.0,13922.356823173594,-2.220446049250313e-16,0.0,0.0,8544.924575804716,8.881784197001252e-16,0.0,0.0,5541.933404530629,-2.220446049250313e-16,0.0,0.0,4831.89310529007,-2.220446049250313e-16,0.0,0.0,1343.6108540193604,0.0,0.0,0.0,7344.032601895421,-2.220446049250313e-16,0.0,0.0,5097.691101367488,0.0,0.0,1912.276751719809,64349.37566905447,0.2,6434.937566903695
626.0,2.0,0.047619047619047616,19005713.0,231965.331582229,0.0,0.0,2473.405175712334,0.0,0.0,0.0,8627.490028229518,-3.885780586188048e-16,0.0,0.0,6622.037999031329,-6.661338147750939e-16,0.0,0.0,13922.356823173594,-2.220446049250313e-16,0.0,0.0,8544.924575804716,8.881784197001252e-16,0.0,0.0,5541.933404530629,-2.220446049250313e-16,0.0,0.0,4831.89310529007,-2.220446049250313e-16,0.0,0.0,1343.6108540193604,0.0,0.0,0.0,7344.032601895421,-2.220446049250313e-16,0.0,2.0,5099.691101367488,2.0,0.0,1912.276751719809,64351.37566905447,0.2,6435.137566903695
627.0,6.0,0.14285714285714285,19005719.0,231965.47443937187,0.0,0.0,2473.405175712334,0.0,0.0,0.0,8627.490028229518,-3.885780586188048e-16,0.0,0.0,6622.037999031329,-6.661338147750939e-16,0.0,0.0,13922.356823173594,-2.220446049250313e-16,0.0,0.0,8544.924575804716,8.881784197001252e-16,0.0,0.0,5541.933404530629,-2.220446049250313e-16,0.0,0.0,4831.89310529007,-2.220446049250313e-16,0.0,0.0,1343.6108540193604,0.0,0.0,0.0,7344.032601895421,-2.220446049250313e-16,0.0,0.0,5099.691101367488,0.0,0.0,1912.276751719809,64351.37566905447,0.0,6435.137566903695
628.0,11.0,0.2619047619047619,19005730.0,231965.73634413377,0.0,0.0,2473.405175712334,0.0,0.0,0.0,8627.490028229518,-3.885780586188048e-16,0.0,0.0,6622.037999031329,-6.661338147750939e-16,0.0,0.0,13922.356823173594,-2.220446049250313e-16,0.0,0.0,8544.924575804716,8.881784197001252e-16,0.0,0.0,5541.933404530629,-2.220446049250313e-16,0.0,0.0,4831.89310529007,-2.220446049250313e-16,0.0,0.0,1343.6108540193604,0.0,0.0,0.0,7344.032601895421,-2.220446049250313e-16,0.0,0.0,5099.691101367488,0.0,0.0,1912.276751719809,64351.37566905447,0.0,6435.137566903695
629.0,17.0,0.40476190476190477,19005747.0,231966.14110603853,0.0,0.0,2473.405175712334,0.0,0.0,0.0,8627.490028229518,-3.885780586188048e-16,0.0,2.0,6624.037999031329,1.9999999999999993,0.0,0.0,13922.356823173594,-2.220446049250313e-16,0.0,0.0,8544.924575804716,8.881784197001252e-16,0.0002777777777777778,0.0,5541.933404530629,-2.220446049250313e-16,0.0,0.0,4831.89310529007,-2.220446049250313e-16,0.0,0.0,1343.6108540193604,0.0,0.0,0.0,7344.032601895421,-2.220446049250313e-16,0.0,0.0,5099.691101367488,0.0,0.0002777777777777778,1912.276751719809,64353.37566905447,0.2,6435.337566903695
630.0,23.0,0.5476190476190477,19005770.0,231966.68872508616,0.0,0.0,2473.405175712334,0.0,0.0,0.0,8627.490028229518,-3.885780586188048e-16,0.0,0.0,6624.037999031329,-6.661338147750939e-16,0.0,0.0,13922.356823173594,-2.220446049250313e-16,0.0,0.0,8544.924575804716,8.881784197001252e-16,0.0005555555555555556,0.0,5541.933404530629,-2.220446049250313e-16,0.0,0.0,4831.89310529007,-2.220446049250313e-16,0.0,0.0,1343.6108540193604,0.0,0.0,0.0,7344.032601895421,-2.220446049250313e-16,0.0,0.0,5099.691101367488,0.0,0.0005555555555555556,1912.276751719809,64353.37566905447,0.0,6435.337566903695
631.0,3.0,0.061224489795918366,19005773.0,231966.74994957595,0.0,0.0,2473.405175712334,0.0,0.0,0.0,8627.490028229518,-3.885780586188048e-16,0.0,0.0,6624.037999031329,-6.661338147750939e-16,0.0,0.0,13922.356823173594,-2.220446049250313e-16,0.0,0.0,8544.924575804716,8.881784197001252e-16,0.0008333333333333334,0.0,5541.933404530629,-2.220446049250313e-16,0.0,0.0,4831.89310529007,-2.220446049250313e-16,0.0,0.0,1343.6108540193604,0.0,0.0,0.0,7344.032601895421,-2.220446049250313e-16,0.0,0.0,5099.691101367488,0.0,0.0008333333333333334,1912.276751719809,64353.37566905447,0.0,6435.337566903695
632.0,4.0,0.08163265306122448,19005777.0,231966.831582229,0.0,0.0,2473.405175712334,0.0,0.0,2.0,8629.490028229518,1.9999999999999996,0.0,0.0,6624.037999031329,-6.661338147750939e-16,0.0,0.0,13922.356823173594,-2.220446049250313e-16,0.0,0.0,8544.924575804716,8.881784197001252e-16,0.0011111111111111111,1.94587871499555,5543.879283245624,1.9458787149955499,0.0,0.0,4831.89310529007,-2.220446049250313e-16,0.0,0.0,1343.6108540193604,0.0,0.0,0.0,7344.032601895421,-2.220446049250313e-16,0.0,0.0,5099.691101367488,0.0,0.0011111111111111111,1912.276751719809,64357.32154776946,0.39458787149955504,6435.732154775194
633.0,5.0,0.10416666666666667,19005782.0,231966.93574889566,0.0,0.0,2473.405175712334,0.0,0.0,0.0,8629.490028229518,-4.440892098500626e-16,0.0,0.0,6624.037999031329,-6.661338147750939e-16,0.0,0.0,13922.356823173594,-2.220446049250313e-16,0.0,0.0,8544.924575804716,8.881784197001252e-16,0.001388888888888889,0.0,5543.879283245624,-2.220446049250313e-16,0.0,0.0,4831.89310529007,-2.220446049250313e-16,0.0,0.0,1343.6108540193604,0.0,0.0,0.0,7344.032601895421,-2.220446049250313e-16,0.0,0.0,5099.691101367488,0.0,0.001388888888888889,1912.276751719809,64357.32154776946,0.0,6435.732154775194
634.0,6.0,0.125,19005788.0,231967.06074889566,0.0,0.0,2473.405175712334,0.0,0.0,0.0,8629.490028229518,-4.440892098500626e-16,0.0,0.0,6624.037999031329,-6.661338147750939e-16,0.0,0.0,13922.356823173594,-2.220446049250313e-16,0.0,0.0,8544.924575804716,8.881784197001252e-16,0.0016666666666666668,0.0,5543.879283245624,-2.220446049250313e-16,0.0,0.0,4831.89310529007,-2.220446049250313e-16,0.0,0.0,1343.6108540193604,0.0,0.0,0.0,7344.032601895421,-2.220446049250313e-16,0.0,0.0,5099.691101367488,0.0,0.0016666666666666668,1912.276751719809,64357.32154776946,0.0,6435.732154775194
635.0,7.0,0.14893617021276595,19005795.0,231967.20968506587,0.0,0.0,2473.405175712334,0.0,0.0,0.0,8629.490028229518,-4.440892098500626e-16,0.0,0.8124429566638679,6624.850441987993,0.8124429566638672,0.0,0.0,13922.356823173594,-2.220446049250313e-16,0.0,0.0,8544.924575804716,8.881784197001252e-16,0.0019444444444444444,0.0,5543.879283245624,-2.220446049250313e-16,0.0,0.0,4831.89310529007,-2.220446049250313e-16,0.0,0.0,1343.6108540193604,0.0,0.0,0.5106332610127883,7344.543235156434,0.510633261012788,0.0,0.0,5099.691101367488,0.0,0.0019444444444444444,1912.276751719809,64358.64462398714,0.1323076217676656,6435.864462396962
636.0,8.0,0.17391304347826086,19005803.0,231967.38359810936,0.0,0.0,2473.405175712334,0.0,0.0,2.0,8631.490028229518,1.9999999999999996,0.0,0.0,6624.850441987993,-6.661338147750939e-16,0.0,0.0,13922.356823173594,-2.220446049250313e-16,0.0,0.0,8544.924575804716,8.881784197001252e-16,0.0022222222222222222,0.0,5543.879283245624,-2.220446049250313e-16,0.0,0.0,4831.89310529007,-2.220446049250313e-16,0.0,0.0,1343.6108540193604,0.0,0.0,0.0,7344.543235156434,-2.220446049250313e-16,0.0,0.0,5099.691101367488,0.0,0.0022222222222222222,1912.276751719809,64360.64462398714,0.2,6436.064462396962
637.0,0.0,0.0,19005803.0,231967.38359810936,0.0,0.0,2473.405175712334,0.0,0.0,0.0,8631.490028229518,-4.440892098500626e-16,0.0,0.0,6624.850441987993,-6.661338147750939e-16,0.0,0.0,13922.356823173594,-2.220446049250313e-16,0.0,0.0,8544.924575804716,8.881784197001252e-16,0.0,0.0,5543.879283245624,-2.220446049250313e-16,0.0,0.0,4831.89310529007,-2.220446049250313e-16,0.0,0.0,1343.6108540193604,0.0,0.0,0.0,7344.543235156434,-2.220446049250313e-16,0.0,-0.4934603774654728,5099.197640990023,-0.4934603774654728,0.0,1912.7702120972745,64360.15116360967,-0.04934603774654728,6436.015116359215
638.0,0.0,0.0,19005803.0,231967.38359810936,0.0,0.0,2473.405175712334,0.0,0.0,-1.05,8630.44002822952,-1.0500000000000005,0.0,0.0,6624.850441987993,-6.661338147750939e-16,0.0,0.0,13922.356823173594,-2.220446049250313e-16,0.0,0.0,8544.924575804716,8.881784197001252e-16,0.0,0.0,5543.879283245624,-2.220446049250313e-16,0.0,0.0,4831.89310529007,-2.220446049250313e-16,0.0,0.0,1343.6108540193604,0.0,0.0,0.0,7344.543235156434,-2.220446049250313e-16,0.0,0.0,5099.197640990023,0.0,0.0,1913.8202120972744,64359.10116360967,-0.10500000000000001,6435.910116359216
639.0,0.0,0.0,19005803.0,231967.38359810936,0.0,0.0,2473.405175712334,0.0,0.0,0.0,8630.44002822952,-4.440892098500626e-16,0.0,0.0,6624.850441987993,-6.661338147750939e-16,0.0,0.0,13922.356823173594,-2.220446049250313e-16,0.0,0.0,8544.924575804716,8.881784197001252e-16,0.0,0.0,5543.879283245624,-2.220446049250313e-16,0.0,0.0,4831.89310529007,-2.220446049250313e-16,0.0,0.0,1343.6108540193604,0.0,0.0,0.0,7344.543235156434,-2.220446049250313e-16,0.0,0.0,5099.197640990023,0.0,0.0,1913.8202120972744,64359.10116360967,0.0,6435.910116359216
640.0,0.0,0.0,19005803.0,231967.38359810936,0.0,0.0,2473.405175712334,0.0,0.0,0.0,8630.44002822952,-4.440892098500626e-16,0.0,0.0,6624.850441987993,-6.661338147750939e-16,0.0,0.0,13922.356823173594,-2.220446049250313e-16,0.0,2.0,8546.924575804716,2.000000000000001,0.0,0.0,5543.879283245624,-2.220446049250313e-16,0.0,0.0,4831.89310529007,-2.220446049250313e-16,0.0,0.0,1343.6108540193604,0.0,0.0,0.0,7344.543235156434,-2.220446049250313e-16,0.0,0.0,5099.197640990023,0.0,0.0,1913.8202120972744,64361.10116360967,0.2,6436.110116359216
641.0,0.0,0.0,19005803.0,231967.38359810936,0.0,0.0,2473.405175712334,0.0,0.0,0.0,8630.44002822952,-4.440892098500626e-16,0.0,0.0,6624.850441987993,-6.661338147750939e-16,0.0,0.0,13922.356823173594,-2.220446049250313e-16,0.0,2.0,8548.924575804716,2.000000000000001,0.0,0.0,5543.879283245624,-2.220446049250313e-16,0.0,0.0,4831.89310529007,-2.220446049250313e-16,0.0,0.0,1343.6108540193604,0.0,0.0,0.0,7344.543235156434,-2.220446049250313e-16,0.0,0.0,5099.197640990023,0.0,0.0,1913.8202120972744,64363.10116360967,0.2,6436.3101163592155
642.0,0.0,0.0,19005803.0,231967.38359810936,0.0,0.0,2473.405175712334,0.0,0.0,0.0,8630.44002822952,-4.440892098500626e-16,0.0,0.0,6624.850441987993,-6.661338147750939e-16,0.0,1.7413752513879757,13924.098198424981,1.7413752513879754,0.0,0.0,8548.924575804716,8.881784197001252e-16,0.0,0.0,5543.879283245624,-2.220446049250313e-16,0.0,0.0,4831.89310529007,-2.220446049250313e-16,0.0,0.0,1343.6108540193604,0.0,0.0,0.0,7344.543235156434,-2.220446049250313e-16,0.0,0.0,5099.197640990023,0.0,0.0,1913.8202120972744,64364.84253886105,0.17413752513879757,6436.484253884354
643.0,0.0,0.0,19005803.0,231967.38359810936,0.0,0.0,2473.405175712334,0.0,0.0,0.0,8630.44002822952,-4.440892098500626e-16,0.0,0.0,6624.850441987993,-6.661338147750939e-16,0.0,0.0,13924.098198424981,-2.220446049250313e-16,0.0,0.0,8548.924575804716,8.881784197001252e-16,0.0,0.0,5543.879283245624,-2.220446049250313e-16,0.0,0.0,4831.89310529007,-2.220446049250313e-16,0.0,0.0,1343.6108540193604,0.0,0.0,0.0,7344.543235156434,-2.220446049250313e-16,0.0,0.0,5099.197640990023,0.0,0.0,1913.8202120972744,64364.84253886105,0.0,6436.484253884354
644.0,0.0,0.0,19005803.0,231967.38359810936,0.0,0.0,2473.405175712334,0.0,0.0,0.0,8630.44002822952,-4.440892098500626e-16,0.0,0.0,6624.850441987993,-6.661338147750939e-16,0.0,0.0,13924.098198424981,-2.220446049250313e-16,0.0,0.0,8548.924575804716,8.881784197001252e-16,0.0,0.0,5543.879283245624,-2.220446049250313e-16,0.0,0.0,4831.89310529007,-2.220446049250313e-16,0.0,0.0,1343.6108540193604,0.0,0.0,0.0,7344.543235156434,-2.220446049250313e-16,0.0,0.0,5099.197640990023,0.0,0.0,1913.8202120972744,64364.84253886105,0.0,6436.484253884354
645.0,0.0,0.0,19005803.0,231967.38359810936,0.0,0.0,2473.405175712334,0.0,0.0,0.0,8630.44002822952,-4.440892098500626e-16,0.0,0.0,6624.850441987993,-6.661338147750939e-16,0.0,0.8956931433807627,13924.993891568362,0.8956931433807624,0.0,0.0,8548.924575804716,8.881784197001252e-16,0.0,0.0,5543.879283245624,-2.220446049250313e-16,0.0,0.0,4831.89310529007,-2.220446049250313e-16,0.0,0.0,1343.6108540193604,0.0,0.0,0.0,7344.543235156434,-2.220446049250313e-16,0.0,0.0,5099.197640990023,0.0,0.0,1913.8202120972744,64365.73823200443,0.08956931433807627,6436.5738231986925
646.0,0.0,0.0,19005803.0,231967.38359810936,0.0,0.0,2473.405175712334,0.0,0.0,0.0,8630.44002822952,-4.440892098500626e-16,0.0,0.0,6624.850441987993,-6.661338147750939e-16,0.0,0.0,13924.993891568362,-2.220446049250313e-16,0.0,0.0,8548.924575804716,8.881784197001252e-16,0.0,0.0,5543.879283245624,-2.220446049250313e-16,0.0,0.0,4831.89310529007,-2.220446049250313e-16,0.0,0.0,1343.6108540193604,0.0,0.0,0.0,7344.543235156434,-2.220446049250313e-16,0.0,0.0,5099.197640990023,0.0,0.0,1913.8202120972744,64365.73823200443,0.0,6436.5738231986925
647.0,0.0,0.0,19005803.0,231967.38359810936,0.0,0.0,2473.405175712334,0.0,0.0,0.0,8630.44002822952,-4.440892098500626e-16,0.0,0.0,6624.850441987993,-6.661338147750939e-16,0.0,0.0,13924.993891568362,-2.220446049250313e-16,0.0,0.0,8548.924575804716,8.881784197001252e-16,0.0,0.0,5543.879283245624,-2.220446049250313e-16,0.0,0.0,4831.89310529007,-2.220446049250313e-16,0.0,0.0,1343.6108540193604,0.0,0.0,0.0,7344.543235156434,-2.220446049250313e-16,0.0,0.0,5099.197640990023,0.0,0.0,1913.8202120972744,64365.73823200443,0.0,6436.5738231986925
648.0,0.0,0.0,19005803.0,231967.38359810936,0.0,0.0,2473.405175712334,0.0,0.0,0.0,8630.44002822952,-4.440892098500626e-16,0.0,0.0,6624.850441987993,-6.661338147750939e-16,0.0,0.0,13924.993891568362,-2.220446049250313e-16,0.0,0.0,8548.924575804716,8.881784197001252e-16,0.0,0.0,5543.879283245624,-2.220446049250313e-16,0.0,0.0,4831.89310529007,-2.220446049250313e-16,0.0,0.0,1343.6108540193604,0.0,0.0,0.0,7344.543235156434,-2.220446049250313e-16,0.0,0.0,5099.197640990023,0.0,0.0,1913.8202120972744,64365.73823200443,0.0,6436.5738231986925
649.0,0.0,0.0,19005803.0,231967.38359810936,0.0,0.0,2473.405175712334,0.0,0.0,0.0,8630.44002822952,-4.440892098500626e-16,0.0,0.0,6624.850441987993,-6.661338147750939e-16,0.0,0.0,13924.993891568362,-2.220446049250313e-16,0.0,0.0,8548.924575804716,8.881784197001252e-16,0.0,0.0,5543.879283245624,-2.220446049250313e-16,0.0,0.0,4831.89310529007,-2.220446049250313e-16,0.0,0.0,1343.6108540193604,0.0,0.0,0.0,7344.543235156434,-2.220446049250313e-16,0.0,0.0,5099.197640990023,0.0,0.0,1913.8202120972744,64365.73823200443,0.0,6436.5738231986925
650.0,0.0,0.0,19005803.0,231967.38359810936,0.0,0.0,2473.405175712334,0.0,0.0,0.0,8630.44002822952,-4.440892098500626e-16,0.0,0.0,6624.850441987993,-6.661338147750939e-16,0.0,0.0,13924.993891568362,-2.220446049250313e-16,0.0,0.0,8548.924575804716,8.881784197001252e-16,0.0,0.0,5543.879283245624,-2.220446049250313e-16,0.0,0.0,4831.89310529007,-2.220446049250313e-16,0.0,0.0,1343.6108540193604,0.0,0.0,0.0,7344.543235156434,-2.220446049250313e-16,0.0,0.0,5099.197640990023,0.0,0.0,1913.8202120972744,64365.73823200443,0.0,6436.5738231986925
651.0,0.0,0.0,19005803.0,231967.38359810936,0.0,0.0,2473.405175712334,0.0,0.0,0.0,8630.44002822952,-4.440892098500626e-16,0.0,0.0,6624.850441987993,-6.661338147750939e-16,0.0,2.0,13926.993891568362,1.9999999999999998,0.0,0.0,8548.924575804716,8.881784197001252e-16,0.0,0.0,5543.879283245624,-2.220446049250313e-16,0.0,0.0,4831.89310529007,-2.220446049250313e-16,0.0,0.0,1343.6108540193604,0.0,0.0,0.0,7344.543235156434,-2.220446049250313e-16,0.0,0.0,5099.197640990023,0.0,0.0,1913.8202120972744,64367.73823200443,0.2,6436.773823198692
652.0,0.0,0.0,19005803.0,231967.38359810936,0.0,0.0,2473.405175712334,0.0,0.0,0.0,8630.44002822952,-4.440892098500626e-16,0.0,0.0,6624.850441987993,-6.661338147750939e-16,0.0,0.0,13926.993891568362,-2.220446049250313e-16,0.0,0.0,8548.924575804716,8.881784197001252e-16,0.0,0.0,5543.879283245624,-2.220446049250313e-16,0.0,2.0,4833.89310529007,1.9999999999999998,0.0,0.0,1343.6108540193604,0.0,0.0,0.0,7344.543235156434,-2.220446049250313e-16,0.0,0.0,5099.197640990023,0.0,0.0,1913.8202120972744,64369.73823200443,0.2,6436.973823198692
653.0,0.0,0.0,19005803.0,231967.38359810936,0.0,0.0,2473.405175712334,0.0,0.0,0.0,8630.44002822952,-4.440892098500626e-16,0.0,0.0,6624.850441987993,-6.661338147750939e-16,0.0,0.0,13926.993891568362,-2.220446049250313e-16,0.0,0.0,8548.924575804716,8.881784197001252e-16,0.0,0.0,5543.879283245624,-2.220446049250313e-16,0.0,0.0,4833.89310529007,-2.220446049250313e-16,0.0,0.0,1343.6108540193604,0.0,0.0,0.0,7344.543235156434,-2.220446049250313e-16,0.0,0.0,5099.197640990023,0.0,0.0,1913.8202120972744,64369.73823200443,0.0,6436.973823198692
654.0,0.0,0.0,19005803.0,231967.38359810936,0.0,0.0,2473.405175712334,0.0,0.0,0.0,8630.44002822952,-4.440892098500626e-16,0.0,0.0,6624.850441987993,-6.661338147750939e-16,0.0,0.0,13926.993891568362,-2.220446049250313e-16,0.0,0.0,8548.924575804716,8.881784197001252e-16,0.0,0.0,5543.879283245624,-2.220446049250313e-16,0.0,0.0,4833.89310529007,-2.220446049250313e-16,0.0,0.0,1343.6108540193604,0.0,0.0,2.0,7346.543235156434,1.9999999999999998,0.0,0.0,5099.197640990023,0.0,0.0,1913.8202120972744,64371.73823200443,0.2,6437.173823198692
655.0,0.0,0.0,19005803.0,231967.38359810936,0.0,0.0,2473.405175712334,0.0,0.0,0.0,8630.44002822952,-4.440892098500626e-16,0.0,0.0,6624.850441987993,-6.661338147750939e-16,0.0,0.0,13926.993891568362,-2.220446049250313e-16,0.0,0.0,8548.924575804716,8.881784197001252e-16,0.0,0.0,5543.879283245624,-2.220446049250313e-16,0.0,0.0,4833.89310529007,-2.220446049250313e-16,0.0,0.0,1343.6108540193604,0.0,0.0,2.0,7348.543235156434,1.9999999999999998,0.0,2.0,5101.197640990023,2.0,0.0,1913.8202120972744,64375.73823200443,0.4,6437.573823198692
656.0,2.0,0.046511627906976744,19005805.0,231967.43010973727,0.0,0.0,2473.405175712334,0.0,0.0,0.0,8630.44002822952,-4.440892098500626e-16,0.0,0.0,6624.850441987993,-6.661338147750939e-16,0.0,0.0,13926.993891568362,-2.220446049250313e-16,0.0,0.0,8548.924575804716,8.881784197001252e-16,0.0,0.0,5543.879283245624,-2.220446049250313e-16,0.0,0.0,4833.89310529007,-2.220446049250313e-16,0.0,0.0,1343.6108540193604,0.0,0.0,0.0,7348.543235156434,-2.220446049250313e-16,0.0,2.0,5103.197640990023,2.0,0.0,1913.8202120972744,64377.73823200443,0.2,6437.773823198691
657.0,5.0,0.11904761904761904,19005810.0,231967.54915735632,0.0,0.0,2473.405175712334,0.0,0.0,0.0,8630.44002822952,-4.440892098500626e-16,0.0,0.0,6624.850441987993,-6.661338147750939e-16,0.0,0.0,13926.993891568362,-2.220446049250313e-16,0.0,0.0,8548.924575804716,8.881784197001252e-16,0.0,0.0,5543.879283245624,-2.220446049250313e-16,0.0,0.0,4833.89310529007,-2.220446049250313e-16,0.0,0.0,1343.6108540193604,0.0,0.0,0.0,7348.543235156434,-2.220446049250313e-16,0.0,0.0,5103.197640990023,0.0,0.0,1913.8202120972744,64377.73823200443,0.0,6437.773823198691
658.0,2.0,0.047619047619047616,19005812.0,231967.59677640395,0.0,0.0,2473.405175712334,0.0,0.0,0.0,8630.44002822952,-4.440892098500626e-16,0.0,0.0,6624.850441987993,-6.661338147750939e-16,0.0,0.0,13926.993891568362,-2.220446049250313e-16,0.0,0.0,8548.924575804716,8.881784197001252e-16,0.0,0.0,5543.879283245624,-2.220446049250313e-16,0.0,0.0,4833.89310529007,-2.220446049250313e-16,0.0,0.0,1343.6108540193604,0.0,0.0,0.0,7348.543235156434,-2.220446049250313e-16,0.0,0.0,5103.197640990023,0.0,0.0,1913.8202120972744,64377.73823200443,0.0,6437.773823198691
659.0,3.0,0.07317073170731707,19005815.0,231967.66994713567,0.0,0.0,2473.405175712334,0.0,0.0,0.0,8630.44002822952,-4.440892098500626e-16,0.0,0.0,6624.850441987993,-6.661338147750939e-16,0.0,0.0,13926.993891568362,-2.220446049250313e-16,0.0,0.0,8548.924575804716,8.881784197001252e-16,0.0,0.0,5543.879283245624,-2.220446049250313e-16,0.0,0.0,4833.89310529007,-2.220446049250313e-16,0.0,0.0,1343.6108540193604,0.0,0.0,0.0,7348.543235156434,-2.220446049250313e-16,0.0,0.0,5103.197640990023,0.0,0.0,1913.8202120972744,64377.73823200443,0.0,6437.773823198691
660.0,4.0,0.10256410256410256,19005819.0,231967.77251123823,0.0,0.0,2473.405175712334,0.0,0.0,0.0,8630.44002822952,-4.440892098500626e-16,0.0,0.0,6624.850441987993,-6.661338147750939e-16,0.0,1.05,13928.04389156836,1.0499999999999998,0.0,0.0,8548.924575804716,8.881784197001252e-16,0.0,0.0,5543.879283245624,-2.220446049250313e-16,0.0,0.0,4833.89310529007,-2.220446049250313e-16,0.0,0.0,1343.6108540193604,0.0,0.0,0.0,7348.543235156434,-2.220446049250313e-16,0.0,0.0,5103.197640990023,0.0,0.0,1913.8202120972744,64378.78823200443,0.10500000000000001,6437.878823198691
661.0,6.0,0.13333333333333333,19005825.0,231967.90584457156,0.0,0.0,2473.405175712334,0.0,0.0,0.0,8630.44002822952,-4.440892098500626e-16,0.0,0.0,6624.850441987993,-6.661338147750939e-16,0.0,2.0,13930.04389156836,1.9999999999999998,0.0,0.0,8548.924575804716,8.881784197001252e-16,0.0,0.0,5543.879283245624,-2.220446049250313e-16,0.0,0.0,4833.89310529007,-2.220446049250313e-16,0.0002777777777777778,0.0,1343.6108540193604,0.0,0.0,0.0,7348.543235156434,-2.220446049250313e-16,0.0,0.0,5103.197640990023,0.0,0.0002777777777777778,1913.8202120972744,64380.78823200443,0.2,6438.078823198691
662.0,6.0,0.13333333333333333,19005831.0,231968.0391779049,0.0,0.0,2473.405175712334,0.0,0.0,2.0,8632.44002822952,1.9999999999999996,0.0,0.0,6624.850441987993,-6.661338147750939e-16,0.0,0.0,13930.04389156836,-2.220446049250313e-16,0.0,0.0,8548.924575804716,8.881784197001252e-16,0.0,2.0,5545.879283245624,1.9999999999999998,0.0,0.0,4833.89310529007,-2.220446049250313e-16,0.0,0.0,1343.6108540193604,0.0,0.0,0.0,7348.543235156434,-2.220446049250313e-16,0.0,0.0,5103.197640990023,0.0,0.0,1913.8202120972744,64384.78823200443,0.4,6438.47882319869
663.0,7.0,0.15555555555555556,19005838.0,231968.19473346046,0.0,0.0,2473.405175712334,0.0,0.0,0.0,8632.44002822952,-4.440892098500626e-16,0.0,0.0,6624.850441987993,-6.661338147750939e-16,0.0,0.0,13930.04389156836,-2.220446049250313e-16,0.0,0.0,8548.924575804716,8.881784197001252e-16,0.0,0.0,5545.879283245624,-2.220446049250313e-16,0.0,0.0,4833.89310529007,-2.220446049250313e-16,0.0,0.0,1343.6108540193604,0.0,0.0,0.0,7348.543235156434,-2.220446049250313e-16,0.0,0.0,5103.197640990023,0.0,0.0,1913.8202120972744,64384.78823200443,0.0,6438.47882319869
664.0,8.0,0.18181818181818182,19005846.0,231968.3765516423,0.0,0.0,2473.405175712334,0.0,0.0,0.0,8632.44002822952,-4.440892098500626e-16,0.0,0.0,6624.850441987993,-6.661338147750939e-16,0.0,0.0,13930.04389156836,-2.220446049250313e-16,0.0,0.0,8548.924575804716,8.881784197001252e-16,0.0,0.0,5545.879283245624,-2.220446049250313e-16,0.0,0.0,4833.89310529007,-2.220446049250313e-16,0.0,0.0,1343.6108540193604,0.0,0.0,0.0,7348.543235156434,-2.220446049250313e-16,0.0,0.0,5103.197640990023,0.0,0.0,1913.8202120972744,64384.78823200443,0.0,6438.47882319869
665.0,9.0,0.20454545454545456,19005855.0,231968.58109709685,0.0,0.0,2473.405175712334,0.0,0.0,0.8093573546763166,8633.249385584195,0.8093573546763162,0.0,1.9909249719266113,6626.8413669599195,1.9909249719266107,0.0,0.0,13930.04389156836,-2.220446049250313e-16,0.0,0.0,8548.924575804716,8.881784197001252e-16,0.0,0.0,5545.879283245624,-2.220446049250313e-16,0.0,0.0,4833.89310529007,-2.220446049250313e-16,0.0,0.0,1343.6108540193604,0.0,0.0,0.0,7348.543235156434,-2.220446049250313e-16,0.0,0.0,5103.197640990023,0.0,0.0,1913.8202120972744,64387.58851433103,0.2800282326602928,6438.758851431351
666.0,10.0,0.22727272727272727,19005865.0,231968.8083698241,0.0,0.0,2473.405175712334,0.0,0.0,0.0,8633.249385584195,-4.440892098500626e-16,0.0,0.0,6626.8413669599195,-6.661338147750939e-16,0.0,0.0,13930.04389156836,-2.220446049250313e-16,0.0,0.0,8548.924575804716,8.881784197001252e-16,0.0,0.0,5545.879283245624,-2.220446049250313e-16,0.0,1.0274936982355058,4834.920598988306,1.0274936982355056,0.0,0.0,1343.6108540193604,0.0,0.0,0.0,7348.543235156434,-2.220446049250313e-16,0.0,0.0,5103.197640990023,0.0,0.0,1913.8202120972744,64388.616008029276,0.10274936982355058,6438.861600801175
667.0,11.0,0.2558139534883721,19005876.0,231969.0641837776,0.0,0.0,2473.405175712334,0.0,0.0,0.0,8633.249385584195,-4.440892098500626e-16,0.0,0.0,6626.8413669599195,-6.661338147750939e-16,0.0,0.0,13930.04389156836,-2.220446049250313e-16,0.0,0.0,8548.924575804716,8.881784197001252e-16,0.0,0.0,5545.879283245624,-2.220446049250313e-16,0.0,0.0,4834.920598988306,-2.220446049250313e-16,0.0,0.0,1343.6108540193604,0.0,0.0,0.0,7348.543235156434,-2.220446049250313e-16,0.0,0.0,5103.197640990023,0.0,0.0,1913.8202120972744,64388.616008029276,0.0,6438.861600801175
668.0,1.0,0.023255813953488372,19005877.0,231969.08743959156,0.0,0.0,2473.405175712334,0.0,0.0,0.0,8633.249385584195,-4.440892098500626e-16,0.0002777777777777778,0.0,6626.8413669599195,-6.661338147750939e-16,0.0,0.0,13930.04389156836,-2.220446049250313e-16,0.0,0.0,8548.924575804716,8.881784197001252e-16,0.0,0.0,5545.879283245624,-2.220446049250313e-16,0.0,0.0,4834.920598988306,-2.220446049250313e-16,0.0,0.0,1343.6108540193604,0.0,0.0,0.0,7348.543235156434,-2.220446049250313e-16,0.0,0.0,5103.197640990023,0.0,0.0002777777777777778,1913.8202120972744,64388.616008029276,0.0,6438.861600801175
669.0,0.0,0.0,19005877.0,231969.08743959156,0.0,0.0,2473.405175712334,0.0,0.0,0.0,8633.249385584195,-4.440892098500626e-16,0.0,0.0,6626.8413669599195,-6.661338147750939e-16,0.0,0.0,13930.04389156836,-2.220446049250313e-16,0.0,0.0,8548.924575804716,8.881784197001252e-16,0.0,0.0,5545.879283245624,-2.220446049250313e-16,0.0,0.0,4834.920598988306,-2.220446049250313e-16,0.0,0.0,1343.6108540193604,0.0,0.0,0.0,7348.543235156434,-2.220446049250313e-16,0.0,0.0,5103.197640990023,0.0,0.0,1913.8202120972744,64388.616008029276,0.0,6438.861600801175
670.0,0.0,0.0,19005877.0,231969.08743959156,0.0,0.0,2473.405175712334,0.0,0.0,0.0,8633.249385584195,-4.440892098500626e-16,0.0,0.0,6626.8413669599195,-6.661338147750939e-16,0.0,2.0,13932.04389156836,1.9999999999999998,0.0,1.8504063601378105,8550.774982164854,1.8504063601378113,0.0,0.0,5545.879283245624,-2.220446049250313e-16,0.0,0.0,4834.920598988306,-2.220446049250313e-16,0.0,0.0,1343.6108540193604,0.0,0.0,0.0,7348.543235156434,-2.220446049250313e-16,0.0,0.0,5103.197640990023,0.0,0.0,1913.8202120972744,64392.466414389404,0.3850406360137811,6439.246641437188
671.0,0.0,0.0,19005877.0,231969.08743959156,0.0,0.0,2473.405175712334,0.0,0.0,0.0,8633.249385584195,-4.440892098500626e-16,0.0,0.0,6626.8413669599195,-6.661338147750939e-16,0.0,2.0,13934.04389156836,1.9999999999999998,0.0,0.0,8550.774982164854,8.881784197001252e-16,0.0,0.0,5545.879283245624,-2.220446049250313e-16,0.0,0.0,4834.920598988306,-2.220446049250313e-16,0.0,0.0,1343.6108540193604,0.0,0.0,0.0,7348.543235156434,-2.220446049250313e-16,0.0,0.0,5103.197640990023,0.0,0.0,1913.8202120972744,64394.466414389404,0.2,6439.446641437188
672.0,0.0,0.0,19005877.0,231969.08743959156,0.0,0.0,2473.405175712334,0.0,0.0,0.0,8633.249385584195,-4.440892098500626e-16,0.0,0.0,6626.8413669599195,-6.661338147750939e-16,0.0,0.0,13934.04389156836,-2.220446049250313e-16,0.0,0.0,8550.774982164854,8.881784197001252e-16,0.0,2.0,5547.879283245624,1.9999999999999998,0.0,0.0,4834.920598988306,-2.220446049250313e-16,0.0,0.0,1343.6108540193604,0.0,0.0,0.0,7348.543235156434,-2.220446049250313e-16,0.0,0.0,5103.197640990023,0.0,0.0,1913.8202120972744,64396.466414389404,0.2,6439.646641437188
673.0,1.0,0.023255813953488372,19005878.0,231969.1106954055,0.0,0.0,2473.405175712334,0.0,0.0,0.0,8633.249385584195,-4.440892098500626e-16,0.0,0.0,6626.8413669599195,-6.661338147750939e-16,0.0,0.0,13934.04389156836,-2.220446049250313e-16,0.0002777777777777778,0.9608384902113016,8551.735820655065,0.9608384902113025,0.0,0.0,5547.879283245624,-2.220446049250313e-16,0.0,0.0,4834.920598988306,-2.220446049250313e-16,0.0,0.0,1343.6108540193604,0.0,0.0,0.8973772497653634,7349.4406124062,0.8973772497653631,0.0,0.0,5103.197640990023,0.0,0.0002777777777777778,1913.8202120972744,64398.324630129384,0.1858215739976665,6439.832463011186
674.0,2.0,0.046511627906976744,19005880.0,231969.15720703342,0.0,0.0,2473.405175712334,0.0,0.0,0.0,8633.249385584195,-4.440892098500626e-16,0.0,0.0,6626.8413669599195,-6.661338147750939e-16,0.0,0.0,13934.04389156836,-2.220446049250313e-16,0.0005555555555555556,0.0,8551.735820655065,8.881784197001252e-16,0.0,0.0,5547.879283245624,-2.220446049250313e-16,0.0,0.0,4834.920598988306,-2.220446049250313e-16,0.0,0.0,1343.6108540193604,0.0,0.0,0.0,7349.4406124062,-2.220446049250313e-16,0.0,0.0,5103.197640990023,0.0,0.0005555555555555556,1913.8202120972744,64398.324630129384,0.0,6439.832463011186
675.0,3.0,0.06976744186046512,19005883.0,231969.22697447528,0.0,0.0,2473.405175712334,0.0,0.0,0.0,8633.249385584195,-4.440892098500626e-16,0.0,0.0,6626.8413669599195,-6.661338147750939e-16,0.0,0.753721692605386,13934.797613260966,0.7537216926053858,0.0008333333333333334,0.0,8551.735820655065,8.881784197001252e-16,0.0,0.0,5547.879283245624,-2.220446049250313e-16,0.0,0.0,4834.920598988306,-2.220446049250313e-16,0.0,0.0,1343.6108540193604,0.0,0.0,0.0,7349.4406124062,-2.220446049250313e-16,0.0,0.0,5103.197640990023,0.0,0.0008333333333333334,1913.8202120972744,64399.07835182199,0.07537216926053861,6439.907835180446
676.0,4.0,0.09302325581395349,19005887.0,231969.3199977311,0.0,0.0,2473.405175712334,0.0,0.0,0.0,8633.249385584195,-4.440892098500626e-16,0.0,0.0,6626.8413669599195,-6.661338147750939e-16,0.0,1.9281770261031017,13936.725790287068,1.9281770261031015,0.0011111111111111111,0.0,8551.735820655065,8.881784197001252e-16,0.0,0.0,5547.879283245624,-2.220446049250313e-16,0.0,0.0,4834.920598988306,-2.220446049250313e-16,0.0,0.0,1343.6108540193604,0.0,0.0,0.0,7349.4406124062,-2.220446049250313e-16,0.0,0.0,5103.197640990023,0.0,0.0011111111111111111,1913.8202120972744,64401.00652884809,0.19281770261031017,6440.100652883057
677.0,5.0,0.11904761904761904,19005892.0,231969.43904535015,0.0,0.0,2473.405175712334,0.0,0.0,0.0,8633.249385584195,-4.440892098500626e-16,0.0,0.0,6626.8413669599195,-6.661338147750939e-16,0.0,0.0,13936.725790287068,-2.220446049250313e-16,0.001388888888888889,0.0,8551.735820655065,8.881784197001252e-16,0.0,0.0,5547.879283245624,-2.220446049250313e-16,0.0,0.0,4834.920598988306,-2.220446049250313e-16,0.0,0.0,1343.6108540193604,0.0,0.0,0.0,7349.4406124062,-2.220446049250313e-16,0.0,0.0,5103.197640990023,0.0,0.001388888888888889,1913.8202120972744,64401.00652884809,0.0,6440.100652883057
678.0,6.0,0.14285714285714285,19005898.0,231969.58190249302,0.0,0.0,2473.405175712334,0.0,0.0,0.0,8633.249385584195,-4.440892098500626e-16,0.0,0.0,6626.8413669599195,-6.661338147750939e-16,0.0,0.0,13936.725790287068,-2.220446049250313e-16,0.0016666666666666668,0.0,8551.735820655065,8.881784197001252e-16,0.0,0.0,5547.879283245624,-2.220446049250313e-16,0.0,0.0,4834.920598988306,-2.220446049250313e-16,0.0,0.0,1343.6108540193604,0.0,0.0,0.0,7349.4406124062,-2.220446049250313e-16,0.0,0.0,5103.197640990023,0.0,0.0016666666666666668,1913.8202120972744,64401.00652884809,0.0,6440.100652883057
679.0,8.0,0.1951219512195122,19005906.0,231969.77702444425,0.0,0.0,2473.405175712334,0.0,0.0,2.0,8635.249385584195,1.9999999999999996,0.0,0.0,6626.8413669599195,-6.661338147750939e-16,0.0,0.0,13936.725790287068,-2.220446049250313e-16,0.0019444444444444444,0.0,8551.735820655065,8.881784197001252e-16,0.0,0.0,5547.879283245624,-2.220446049250313e-16,0.0,0.0,4834.920598988306,-2.220446049250313e-16,0.0,0.0,1343.6108540193604,0.0,0.0,0.0,7349.4406124062,-2.220446049250313e-16,0.0,0.0,5103.197640990023,0.0,0.0019444444444444444,1913.8202120972744,64403.00652884809,0.2,6440.3006528830565
680.0,10.0,0.25,19005916.0,231970.02702444425,0.0,0.0,2473.405175712334,0.0,0.0,0.0,8635.249385584195,-4.440892098500626e-16,0.0,0.0,6626.8413669599195,-6.661338147750939e-16,0.0,0.0,13936.725790287068,-2.220446049250313e-16,0.0022222222222222222,0.0,8551.735820655065,8.881784197001252e-16,0.0,0.0,5547.879283245624,-2.220446049250313e-16,0.0,0.0,4834.920598988306,-2.220446049250313e-16,0.0,0.0,1343.6108540193604,0.0,0.0,0.0,7349.4406124062,-2.220446049250313e-16,0.0,0.0,5103.197640990023,0.0,0.0022222222222222222,1913.8202120972744,64403.00652884809,0.0,6440.3006528830565
681.0,12.0,0.3,19005928.0,231970.32702444424,0.0,0.0,2473.405175712334,0.0,0.0,0.0,8635.249385584195,-4.440892098500626e-16,0.0,0.0,6626.8413669599195,-6.661338147750939e-16,0.0,0.0,13936.725790287068,-2.220446049250313e-16,0.0025,0.0,8551.735820655065,8.881784197001252e-16,0.0,0.0,5547.879283245624,-2.220446049250313e-16,0.0,2.0,4836.920598988306,1.9999999999999998,0.0,0.0,1343.6108540193604,0.0,0.0,0.0,7349.4406124062,-2.220446049250313e-16,0.0,0.0,5103.197640990023,0.0,0.0025,1913.8202120972744,64405.00652884809,0.2,6440.500652883056
682.0,14.0,0.35,19005942.0,231970.67702444425,0.0,0.0,2473.405175712334,0.0,0.0,0.0,8635.249385584195,-4.440892098500626e-16,0.0,0.0,6626.8413669599195,-6.661338147750939e-16,0.0,0.0,13936.725790287068,-2.220446049250313e-16,0.002777777777777778,0.0,8551.735820655065,8.881784197001252e-16,0.0,0.0,5547.879283245624,-2.220446049250313e-16,0.0,0.0,4836.920598988306,-2.220446049250313e-16,0.0,0.0,1343.6108540193604,0.0,0.0,0.0,7349.4406124062,-2.220446049250313e-16,0.0,0.0,5103.197640990023,0.0,0.002777777777777778,1913.8202120972744,64405.00652884809,0.0,6440.500652883056
683.0,17.0,0.425,19005959.0,231971.10202444423,0.0,0.0,2473.405175712334,0.0,0.0,0.0,8635.249385584195,-4.440892098500626e-16,0.0,0.0,6626.8413669599195,-6.661338147750939e-16,0.0,0.0,13936.725790287068,-2.220446049250313e-16,0.0033333333333333335,0.0,8551.735820655065,8.881784197001252e-16,0.0,0.0,5547.879283245624,-2.220446049250313e-16,0.0,0.0,4836.920598988306,-2.220446049250313e-16,0.0,0.0,1343.6108540193604,0.0,0.0,0.0,7349.4406124062,-2.220446049250313e-16,0.0,0.0,5103.197640990023,0.0,0.0033333333333333335,1913.8202120972744,64405.00652884809,0.0,6440.500652883056
684.0,18.0,0.45,19005977.0,231971.55202444425,0.0,0.0,2473.405175712334,0.0,0.0,0.0,8635.249385584195,-4.440892098500626e-16,0.0,0.0,6626.8413669599195,-6.661338147750939e-16,0.0,0.0,13936.725790287068,-2.220446049250313e-16,0.0033333333333333335,0.0,8551.735820655065,8.881784197001252e-16,0.0,0.0,5547.879283245624,-2.220446049250313e-16,0.0,0.0,4836.920598988306,-2.220446049250313e-16,0.0,0.0,1343.6108540193604,0.0,0.0,2.0,7351.4406124062,1.9999999999999998,0.0,0.0,5103.197640990023,0.0,0.0033333333333333335,1913.8202120972744,64407.00652884809,0.2,6440.700652883056
685.0,8.0,0.2,19005985.0,231971.75202444426,0.0,0.0,2473.405175712334,0.0,0.0,0.0,8635.249385584195,-4.440892098500626e-16,0.0,0.0,6626.8413669599195,-6.661338147750939e-16,0.0,0.0,13936.725790287068,-2.220446049250313e-16,0.0,0.0,8551.735820655065,8.881784197001252e-16,0.0,0.0,5547.879283245624,-2.220446049250313e-16,0.0,0.0,4836.920598988306,-2.220446049250313e-16,0.0,0.0,1343.6108540193604,0.0,0.0,0.0,7351.4406124062,-2.220446049250313e-16,0.0,0.0,5103.197640990023,0.0,0.0,1913.8202120972744,64407.00652884809,0.0,6440.700652883056
686.0,10.0,0.25,19005995.0,231972.00202444426,0.0,0.0,2473.405175712334,0.0,0.0,0.0,8635.249385584195,-4.440892098500626e-16,0.0,0.0,6626.8413669599195,-6.661338147750939e-16,0.0,0.0,13936.725790287068,-2.220446049250313e-16,0.0,0.0,8551.735820655065,8.881784197001252e-16,0.0,0.0,5547.879283245624,-2.220446049250313e-16,0.0,0.0,4836.920598988306,-2.220446049250313e-16,0.0,0.0,1343.6108540193604,0.0,0.0,0.0,7351.4406124062,-2.220446049250313e-16,0.0,2.0,5105.197640990023,2.0,0.0,1913.8202120972744,64409.00652884809,0.2,6440.900652883056
687.0,12.0,0.3076923076923077,19006007.0,231972.30971675194,0.0,0.0,2473.405175712334,0.0,0.0,0.0,8635.249385584195,-4.440892098500626e-16,0.0,0.0,6626.8413669599195,-6.661338147750939e-16,0.0,0.0,13936.725790287068,-2.220446049250313e-16,0.0,0.0,8551.735820655065,8.881784197001252e-16,0.0,0.0,5547.879283245624,-2.220446049250313e-16,0.0,2.0,4838.920598988306,1.9999999999999998,0.0,0.0,1343.6108540193604,0.0,0.0,0.0,7351.4406124062,-2.220446049250313e-16,0.0,0.0,5105.197640990023,0.0,0.0,1913.8202120972744,64411.00652884809,0.2,6441.100652883056
688.0,15.0,0.38461538461538464,19006022.0,231972.69433213657,0.0,0.0,2473.405175712334,0.0,0.0,0.0,8635.249385584195,-4.440892098500626e-16,0.0,0.0,6626.8413669599195,-6.661338147750939e-16,0.0,0.0,13936.725790287068,-2.220446049250313e-16,0.0,0.0,8551.735820655065,8.881784197001252e-16,0.0,0.0,5547.879283245624,-2.220446049250313e-16,0.0,0.0,4838.920598988306,-2.220446049250313e-16,0.0,0.0,1343.6108540193604,0.0,0.0,0.0,7351.4406124062,-2.220446049250313e-16,0.0,0.0,5105.197640990023,0.0,0.0,1913.8202120972744,64411.00652884809,0.0,6441.100652883056
689.0,18.0,0.46153846153846156,19006040.0,231973.1558705981,0.0,0.0,2473.405175712334,0.0,0.0,0.0,8635.249385584195,-4.440892098500626e-16,0.0,0.0,6626.8413669599195,-6.661338147750939e-16,0.0,0.0,13936.725790287068,-2.220446049250313e-16,0.0,0.0,8551.735820655065,8.881784197001252e-16,0.0,0.0,5547.879283245624,-2.220446049250313e-16,0.0,0.0,4838.920598988306,-2.220446049250313e-16,0.0,0.0,1343.6108540193604,0.0,0.0,0.0,7351.4406124062,-2.220446049250313e-16,0.0,0.0,5105.197640990023,0.0,0.0,1913.8202120972744,64411.00652884809,0.0,6441.100652883056
690.0,21.0,0.5526315789473685,19006061.0,231973.70850217706,0.0,0.0,2473.405175712334,0.0,0.0,0.0,8635.249385584195,-4.440892098500626e-16,0.0,0.0,6626.8413669599195,-6.661338147750939e-16,0.0,2.0,13938.725790287068,1.9999999999999998,0.0,0.0,8551.735820655065,8.881784197001252e-16,0.0,0.0,5547.879283245624,-2.220446049250313e-16,0.0,0.0,4838.920598988306,-2.220446049250313e-16,0.0,0.0,1343.6108540193604,0.0,0.0,0.0,7351.4406124062,-2.220446049250313e-16,0.0,0.0,5105.197640990023,0.0,0.0,1913.8202120972744,64413.00652884809,0.2,6441.300652883056
691.0,24.0,0.5333333333333333,19006085.0,231974.2418355104,0.0,0.0,2473.405175712334,0.0,0.0,0.0,8635.249385584195,-4.440892098500626e-16,0.0,0.0,6626.8413669599195,-6.661338147750939e-16,0.0,0.0,13938.725790287068,-2.220446049250313e-16,0.0,0.0,8551.735820655065,8.881784197001252e-16,0.0,0.0,5547.879283245624,-2.220446049250313e-16,0.0,0.0,4838.920598988306,-2.220446049250313e-16,0.0,0.0,1343.6108540193604,0.0,0.0,0.0,7351.4406124062,-2.220446049250313e-16,0.0,0.0,5105.197640990023,0.0,0.0,1913.8202120972744,64413.00652884809,0.0,6441.300652883056
692.0,27.0,0.6,19006112.0,231974.8418355104,0.0,0.0,2473.405175712334,0.0,0.0,2.0,8637.249385584195,1.9999999999999996,0.0,0.0,6626.8413669599195,-6.661338147750939e-16,0.0,0.0,13938.725790287068,-2.220446049250313e-16,0.0,0.0,8551.735820655065,8.881784197001252e-16,0.0,2.0,5549.879283245624,1.9999999999999998,0.0,0.0,4838.920598988306,-2.220446049250313e-16,0.0,0.0,1343.6108540193604,0.0,0.0,0.0,7351.4406124062,-2.220446049250313e-16,0.0,0.0,5105.197640990023,0.0,0.0,1913.8202120972744,64417.00652884809,0.4,6441.700652883055
693.0,30.0,0.6666666666666666,19006142.0,231975.50850217705,0.0,0.0,2473.405175712334,0.0,0.0,0.0,8637.249385584195,-4.440892098500626e-16,0.0,0.0,6626.8413669599195,-6.661338147750939e-16,0.0,0.0,13938.725790287068,-2.220446049250313e-16,0.0,0.0,8551.735820655065,8.881784197001252e-16,0.0,0.0,5549.879283245624,-2.220446049250313e-16,0.0,0.0,4838.920598988306,-2.220446049250313e-16,0.0,0.0,1343.6108540193604,0.0,0.0,0.0,7351.4406124062,-2.220446049250313e-16,0.0,0.0,5105.197640990023,0.0,0.0,1913.8202120972744,64417.00652884809,0.0,6441.700652883055
694.0,23.0,0.5227272727272727,19006165.0,231976.03122944979,0.0,0.0,2473.405175712334,0.0,0.0,2.0,8639.249385584195,1.9999999999999996,0.0,0.0,6626.8413669599195,-6.661338147750939e-16,0.0,0.0,13938.725790287068,-2.220446049250313e-16,0.0,0.0,8551.735820655065,8.881784197001252e-16,0.0,0.0,5549.879283245624,-2.220446049250313e-16,0.0,0.0,4838.920598988306,-2.220446049250313e-16,0.0,0.0,1343.6108540193604,0.0,0.0,0.0,7351.4406124062,-2.220446049250313e-16,0.0,0.0,5105.197640990023,0.0,0.0,1913.8202120972744,64419.00652884809,0.2,6441.900652883055
695.0,25.0,0.5681818181818182,19006190.0,231976.59941126796,0.0,0.0,2473.405175712334,0.0,0.0,0.0,8639.249385584195,-4.440892098500626e-16,0.0,1.74896720185525,6628.590334161775,1.7489672018552493,0.0,0.0,13938.725790287068,-2.220446049250313e-16,0.0,0.0,8551.735820655065,8.881784197001252e-16,0.0,0.0,5549.879283245624,-2.220446049250313e-16,0.0,0.0,4838.920598988306,-2.220446049250313e-16,0.0,0.0,1343.6108540193604,0.0,0.0,0.0,7351.4406124062,-2.220446049250313e-16,0.0,0.0,5105.197640990023,0.0,0.0,1913.8202120972744,64420.75549604995,0.174896720185525,6442.075549603241
696.0,27.0,0.6136363636363636,19006217.0,231977.2130476316,0.0,0.0,2473.405175712334,0.0,0.0,0.0,8639.249385584195,-4.440892098500626e-16,0.0,1.05,6629.640334161775,1.0499999999999994,0.0,0.0,13938.725790287068,-2.220446049250313e-16,0.0,0.0,8551.735820655065,8.881784197001252e-16,0.0,0.0,5549.879283245624,-2.220446049250313e-16,0.0,0.0,4838.920598988306,-2.220446049250313e-16,0.0,0.0,1343.6108540193604,0.0,0.0,0.0,7351.4406124062,-2.220446049250313e-16,0.0,0.0,5105.197640990023,0.0,0.0,1913.8202120972744,64421.80549604995,0.10500000000000001,6442.18054960324
697.0,10.0,0.22727272727272727,19006227.0,231977.44032035887,0.0,0.0,2473.405175712334,0.0,0.0,0.0,8639.249385584195,-4.440892098500626e-16,0.0,0.0,6629.640334161775,-6.661338147750939e-16,0.0,0.0,13938.725790287068,-2.220446049250313e-16,0.0,0.0,8551.735820655065,8.881784197001252e-16,0.0,0.0,5549.879283245624,-2.220446049250313e-16,0.0,0.0,4838.920598988306,-2.220446049250313e-16,0.0,0.0,1343.6108540193604,0.0,0.0,0.0,7351.4406124062,-2.220446049250313e-16,0.0,0.0,5105.197640990023,0.0,0.0,1913.8202120972744,64421.80549604995,0.0,6442.18054960324
698.0,0.0,0.0,19006227.0,231977.44032035887,0.0,0.0,2473.405175712334,0.0,0.0,0.0,8639.249385584195,-4.440892098500626e-16,0.0,0.0,6629.640334161775,-6.661338147750939e-16,0.0,0.0,13938.725790287068,-2.220446049250313e-16,0.0,0.0,8551.735820655065,8.881784197001252e-16,0.0,0.0,5549.879283245624,-2.220446049250313e-16,0.0,0.0,4838.920598988306,-2.220446049250313e-16,0.0,0.0,1343.6108540193604,0.0,0.0,0.0,7351.4406124062,-2.220446049250313e-16,0.0,0.0,5105.197640990023,0.0,0.0,1913.8202120972744,64421.80549604995,0.0,6442.18054960324
699.0,0.0,0.0,19006227.0,231977.44032035887,0.0,0.0,2473.405175712334,0.0,0.0,0.0,8639.249385584195,-4.440892098500626e-16,0.0,0.0,6629.640334161775,-6.661338147750939e-16,0.0,0.0,13938.725790287068,-2.220446049250313e-16,0.0,0.0,8551.735820655065,8.881784197001252e-16,0.0,0.0,5549.879283245624,-2.220446049250313e-16,0.0,0.0,4838.920598988306,-2.220446049250313e-16,0.0,0.0,1343.6108540193604,0.0,0.0,0.0,7351.4406124062,-2.220446049250313e-16,0.0,0.0,5105.197640990023,0.0,0.0,1913.8202120972744,64421.80549604995,0.0,6442.18054960324
700.0,0.0,0.0,19006227.0,231977.44032035887,0.0,0.0,2473.405175712334,0.0,0.0,0.0,8639.249385584195,-4.440892098500626e-16,0.0,0.0,6629.640334161775,-6.661338147750939e-16,0.0,0.0,13938.725790287068,-2.220446049250313e-16,0.0,2.0,8553.735820655065,2.000000000000001,0.0,0.0,5549.879283245624,-2.220446049250313e-16,0.0,0.0,4838.920598988306,-2.220446049250313e-16,0.0,0.0,1343.6108540193604,0.0,0.0,0.0,7351.4406124062,-2.220446049250313e-16,0.0,0.0,5105.197640990023,0.0,0.0,1913.8202120972744,64423.80549604995,0.2,6442.38054960324
701.0,0.0,0.0,19006227.0,231977.44032035887,0.0,0.0,2473.405175712334,0.0,0.0,0.0,8639.249385584195,-4.440892098500626e-16,0.0,0.0,6629.640334161775,-6.661338147750939e-16,0.0,0.0,13938.725790287068,-2.220446049250313e-16,0.0,1.8538007256387203,8555.589621380705,1.8538007256387212,0.0,0.0,5549.879283245624,-2.220446049250313e-16,0.0,0.0,4838.920598988306,-2.220446049250313e-16,0.0,0.0,1343.6108540193604,0.0,0.0,0.0,7351.4406124062,-2.220446049250313e-16,0.0,0.0,5105.197640990023,0.0,0.0,1913.8202120972744,64425.65929677559,0.18538007256387204,6442.565929675804
702.0,0.0,0.0,19006227.0,231977.44032035887,0.0,0.0,2473.405175712334,0.0,0.0,0.0,8639.249385584195,-4.440892098500626e-16,0.0,0.0,6629.640334161775,-6.661338147750939e-16,0.0,2.0,13940.725790287068,1.9999999999999998,0.0,0.0,8555.589621380705,8.881784197001252e-16,0.0,0.0,5549.879283245624,-2.220446049250313e-16,0.0,0.0,4838.920598988306,-2.220446049250313e-16,0.0,0.0,1343.6108540193604,0.0,0.0,2.0,7353.4406124062,1.9999999999999998,0.0,0.0,5105.197640990023,0.0,0.0,1913.8202120972744,64429.65929677559,0.4,6442.965929675804
703.0,0.0,0.0,19006227.0,231977.44032035887,0.0,0.0,2473.405175712334,0.0,0.0,0.0,8639.249385584195,-4.440892098500626e-16,0.0,0.0,6629.640334161775,-6.661338147750939e-16,0.0,0.0,13940.725790287068,-2.220446049250313e-16,0.0,0.0,8555.589621380705,8.881784197001252e-16,0.0,0.0,5549.879283245624,-2.220446049250313e-16,0.0,0.0,4838.920598988306,-2.220446049250313e-16,0.0,0.0,1343.6108540193604,0.0,0.0,0.0,7353.4406124062,-2.220446049250313e-16,0.0,0.0,5105.197640990023,0.0,0.0,1913.8202120972744,64429.65929677559,0.0,6442.965929675804
704.0,0.0,0.0,19006227.0,231977.44032035887,0.0,0.0,2473.405175712334,0.0,0.0,0.0,8639.249385584195,-4.440892098500626e-16,0.0,0.0,6629.640334161775,-6.661338147750939e-16,0.0,0.0,13940.725790287068,-2.220446049250313e-16,0.0,0.0,8555.589621380705,8.881784197001252e-16,0.0,0.0,5549.879283245624,-2.220446049250313e-16,0.0,0.0,4838.920598988306,-2.220446049250313e-16,0.0,0.0,1343.6108540193604,0.0,0.0,0.0,7353.4406124062,-2.220446049250313e-16,0.0,2.0,5107.197640990023,2.0,0.0,1913.8202120972744,64431.65929677559,0.2,6443.165929675803
705.0,1.0,0.022727272727272728,19006228.0,231977.4630476316,0.0,0.0,2473.405175712334,0.0,0.0,0.0,8639.249385584195,-4.440892098500626e-16,0.0,0.0,6629.640334161775,-6.661338147750939e-16,0.0,2.0,13942.725790287068,1.9999999999999998,0.0,0.0,8555.589621380705,8.881784197001252e-16,0.0,0.7295910282757184,5550.608874273899,0.7295910282757182,0.0,0.0,4838.920598988306,-2.220446049250313e-16,0.0,0.0,1343.6108540193604,0.0,0.0,0.0,7353.4406124062,-2.220446049250313e-16,0.0,0.0,5107.197640990023,0.0,0.0,1913.8202120972744,64434.38888780387,0.27295910282757185,6443.438888778631
706.0,3.0,0.06818181818181818,19006231.0,231977.53122944979,0.0,0.0,2473.405175712334,0.0,0.0002777777777777778,0.0,8639.249385584195,-4.440892098500626e-16,0.0,0.0,6629.640334161775,-6.661338147750939e-16,0.0,0.0,13942.725790287068,-2.220446049250313e-16,0.0,0.0,8555.589621380705,8.881784197001252e-16,0.0,0.0,5550.608874273899,-2.220446049250313e-16,0.0,0.0,4838.920598988306,-2.220446049250313e-16,0.0,0.0,1343.6108540193604,0.0,0.0,0.0,7353.4406124062,-2.220446049250313e-16,0.0,0.0,5107.197640990023,0.0,0.0002777777777777778,1913.8202120972744,64434.38888780387,0.0,6443.438888778631
707.0,5.0,0.11363636363636363,19006236.0,231977.64486581343,0.0,-0.4469187835954667,2472.9582569287386,-0.4469187835954667,0.0005555555555555556,0.0,8639.249385584195,-4.440892098500626e-16,0.0,0.0,6629.640334161775,-6.661338147750939e-16,0.0,0.0,13942.725790287068,-2.220446049250313e-16,0.0,0.0,8555.589621380705,8.881784197001252e-16,0.0,0.0,5550.608874273899,-2.220446049250313e-16,0.0,0.0,4838.920598988306,-2.220446049250313e-16,0.0,0.0,1343.6108540193604,0.0,0.0,0.0,7353.4406124062,-2.220446049250313e-16,0.0,0.0,5107.197640990023,0.0,0.0005555555555555556,1914.26713088087,64433.94196902028,-0.044691878359546675,6443.394196900272
708.0,7.0,0.1590909090909091,19006243.0,231977.80395672252,0.0,0.0,2472.9582569287386,0.0,0.0008333333333333334,0.0,8639.249385584195,-4.440892098500626e-16,0.0,0.0,6629.640334161775,-6.661338147750939e-16,0.0,0.0,13942.725790287068,-2.220446049250313e-16,0.0,0.0,8555.589621380705,8.881784197001252e-16,0.0,0.0,5550.608874273899,-2.220446049250313e-16,0.0,0.0,4838.920598988306,-2.220446049250313e-16,0.0,0.0,1343.6108540193604,0.0,0.0,0.0,7353.4406124062,-2.220446049250313e-16,0.0,0.0,5107.197640990023,0.0,0.0008333333333333334,1914.26713088087,64433.94196902028,0.0,6443.394196900272
709.0,9.0,0.20454545454545456,19006252.0,231978.00850217708,0.0,0.0,2472.9582569287386,0.0,0.0011111111111111111,0.0,8639.249385584195,-4.440892098500626e-16,0.0,0.0,6629.640334161775,-6.661338147750939e-16,0.0,0.0,13942.725790287068,-2.220446049250313e-16,0.0,0.0,8555.589621380705,8.881784197001252e-16,0.0,0.0,5550.608874273899,-2.220446049250313e-16,0.0,0.0,4838.920598988306,-2.220446049250313e-16,0.0,0.0,1343.6108540193604,0.0,0.0,0.0,7353.4406124062,-2.220446049250313e-16,0.0,0.0,5107.197640990023,0.0,0.0011111111111111111,1914.26713088087,64433.94196902028,0.0,6443.394196900272
710.0,11.0,0.25,19006263.0,231978.25850217708,0.0,0.0,2472.9582569287386,0.0,0.001388888888888889,0.0,8639.249385584195,-4.440892098500626e-16,0.0,0.0,6629.640334161775,-6.661338147750939e-16,0.0,0.0,13942.725790287068,-2.220446049250313e-16,0.0,0.0,8555.589621380705,8.881784197001252e-16,0.0,0.0,5550.608874273899,-2.220446049250313e-16,0.0,0.0,4838.920598988306,-2.220446049250313e-16,0.0,2.0,1345.6108540193604,2.0,0.0,0.0,7353.4406124062,-2.220446049250313e-16,0.0,0.0,5107.197640990023,0.0,0.001388888888888889,1914.26713088087,64435.94196902028,0.2,6443.5941969002715
711.0,13.0,0.29545454545454547,19006276.0,231978.55395672252,0.0,0.0,2472.9582569287386,0.0,0.0016666666666666668,0.0,8639.249385584195,-4.440892098500626e-16,0.0,0.0,6629.640334161775,-6.661338147750939e-16,0.0,0.0,13942.725790287068,-2.220446049250313e-16,0.0,0.0,8555.589621380705,8.881784197001252e-16,0.0,0.0,5550.608874273899,-2.220446049250313e-16,0.0,0.0,4838.920598988306,-2.220446049250313e-16,0.0,0.0,1345.6108540193604,0.0,0.0,0.0,7353.4406124062,-2.220446049250313e-16,0.0,0.0,5107.197640990023,0.0,0.0016666666666666668,1914.26713088087,64435.94196902028,0.0,6443.5941969002715
712.0,15.0,0.3409090909090909,19006291.0,231978.89486581343,0.0,0.0,2472.9582569287386,0.0,0.0019444444444444444,0.0,8639.249385584195,-4.440892098500626e-16,0.0,0.0,6629.640334161775,-6.661338147750939e-16,0.0,0.0,13942.725790287068,-2.220446049250313e-16,0.0,2.0,8557.589621380705,2.000000000000001,0.0,0.0,5550.608874273899,-2.220446049250313e-16,0.0,0.0,4838.920598988306,-2.220446049250313e-16,0.0,0.0,1345.6108540193604,0.0,0.0,0.0,7353.4406124062,-2.220446049250313e-16,0.0,0.0,5107.197640990023,0.0,0.0019444444444444444,1914.26713088087,64437.94196902028,0.2,6443.794196900271
713.0,17.0,0.3953488372093023,19006308.0,231979.29021465065,0.0,0.0,2472.9582569287386,0.0,0.0022222222222222222,0.0,8639.249385584195,-4.440892098500626e-16,0.0,0.0,6629.640334161775,-6.661338147750939e-16,0.0,0.0,13942.725790287068,-2.220446049250313e-16,0.0,0.0,8557.589621380705,8.881784197001252e-16,0.0,0.0,5550.608874273899,-2.220446049250313e-16,0.0,2.0,4840.920598988306,1.9999999999999998,0.0,0.0,1345.6108540193604,0.0,0.0,2.0,7355.4406124062,1.9999999999999998,0.0,0.0,5107.197640990023,0.0,0.0022222222222222222,1914.26713088087,64441.94196902028,0.4,6444.194196900271
714.0,9.0,0.20930232558139536,19006317.0,231979.49951697624,0.0,0.0,2472.9582569287386,0.0,0.0025,0.0,8639.249385584195,-4.440892098500626e-16,0.0,0.0,6629.640334161775,-6.661338147750939e-16,0.0,0.0,13942.725790287068,-2.220446049250313e-16,0.0,0.0,8557.589621380705,8.881784197001252e-16,0.0,0.0,5550.608874273899,-2.220446049250313e-16,0.0,0.0,4840.920598988306,-2.220446049250313e-16,0.0,0.0,1345.6108540193604,0.0,0.0,2.0,7357.4406124062,1.9999999999999998,0.0,2.0,5109.197640990023,2.0,0.0025,1914.26713088087,64445.94196902028,0.4,6444.594196900271
715.0,10.0,0.23255813953488372,19006327.0,231979.73207511578,0.0,0.0,2472.9582569287386,0.0,0.002777777777777778,0.0,8639.249385584195,-4.440892098500626e-16,0.0,0.0,6629.640334161775,-6.661338147750939e-16,0.0,0.0,13942.725790287068,-2.220446049250313e-16,0.0,0.0,8557.589621380705,8.881784197001252e-16,0.0,0.0,5550.608874273899,-2.220446049250313e-16,0.0,1.4845317456217513,4842.405130733928,1.484531745621751,0.0,0.0,1345.6108540193604,0.0,0.0,0.0,7357.4406124062,-2.220446049250313e-16,0.0,0.0,5109.197640990023,0.0,0.002777777777777778,1914.26713088087,64447.4265007659,0.14845317456217513,6444.742650074832
716.0,14.0,0.32558139534883723,19006341.0,231980.05765651114,0.0,0.0,2472.9582569287386,0.0,0.0033333333333333335,0.0,8639.249385584195,-4.440892098500626e-16,0.0,0.0,6629.640334161775,-6.661338147750939e-16,0.0,2.0,13944.725790287068,1.9999999999999998,0.0,0.0,8557.589621380705,8.881784197001252e-16,0.0,0.0,5550.608874273899,-2.220446049250313e-16,0.0,0.0,4842.405130733928,-2.220446049250313e-16,0.0,0.0,1345.6108540193604,0.0,0.0,0.0,7357.4406124062,-2.220446049250313e-16,0.0,0.0,5109.197640990023,0.0,0.0033333333333333335,1914.26713088087,64449.4265007659,0.2,6444.942650074832
717.0,18.0,0.4186046511627907,19006359.0,231980.47626116232,0.0,0.0,2472.9582569287386,0.0,0.0038888888888888888,0.0,8639.249385584195,-4.440892098500626e-16,0.0,0.0,6629.640334161775,-6.661338147750939e-16,0.0,0.0,13944.725790287068,-2.220446049250313e-16,0.0,0.0,8557.589621380705,8.881784197001252e-16,0.0,0.0,5550.608874273899,-2.220446049250313e-16,0.0,0.0,4842.405130733928,-2.220446049250313e-16,0.0,0.0,1345.6108540193604,0.0,0.0,0.0,7357.4406124062,-2.220446049250313e-16,0.0,2.0,5111.197640990023,2.0,0.0038888888888888888,1914.26713088087,64451.4265007659,0.2,6445.142650074832
718.0,23.0,0.5348837209302325,19006382.0,231981.01114488323,0.0,0.0,2472.9582569287386,0.0,0.0044444444444444444,0.0,8639.249385584195,-4.440892098500626e-16,0.0,0.0,6629.640334161775,-6.661338147750939e-16,0.0,0.0,13944.725790287068,-2.220446049250313e-16,0.0,0.0,8557.589621380705,8.881784197001252e-16,0.0,0.0,5550.608874273899,-2.220446049250313e-16,0.0,0.0,4842.405130733928,-2.220446049250313e-16,0.0,0.0,1345.6108540193604,0.0,0.0,0.0,7357.4406124062,-2.220446049250313e-16,0.0,0.0,5111.197640990023,0.0,0.0044444444444444444,1914.26713088087,64451.4265007659,0.0,6445.142650074832
719.0,28.0,0.6511627906976745,19006410.0,231981.66230767392,0.0,0.0,2472.9582569287386,0.0,0.005,0.0,8639.249385584195,-4.440892098500626e-16,0.0,0.0,6629.640334161775,-6.661338147750939e-16,0.0,0.0,13944.725790287068,-2.220446049250313e-16,0.0,0.0,8557.589621380705,8.881784197001252e-16,0.0,0.0,5550.608874273899,-2.220446049250313e-16,0.0,0.0,4842.405130733928,-2.220446049250313e-16,0.0,0.0,1345.6108540193604,0.0,0.0,0.0,7357.4406124062,-2.220446049250313e-16,0.0,0.0,5111.197640990023,0.0,0.005,1914.26713088087,64451.4265007659,0.0,6445.142650074832
720.0,33.0,0.7674418604651163,19006443.0,231982.42974953438,0.0,0.0,2472.9582569287386,0.0,0.005555555555555556,0.0,8639.249385584195,-4.440892098500626e-16,0.0,0.0,6629.640334161775,-6.661338147750939e-16,0.0,0.0,13944.725790287068,-2.220446049250313e-16,0.0,0.0,8557.589621380705,8.881784197001252e-16,0.0,0.0,5550.608874273899,-2.220446049250313e-16,0.0,0.0,4842.405130733928,-2.220446049250313e-16,0.0,0.0,1345.6108540193604,0.0,0.0,0.0,7357.4406124062,-2.220446049250313e-16,0.0,0.0,5111.197640990023,0.0,0.005555555555555556,1914.26713088087,64451.4265007659,0.0,6445.142650074832
721.0,22.0,0.44,19006465.0,231982.86974953438,0.0,0.0,2472.9582569287386,0.0,0.006111111111111111,0.0,8639.249385584195,-4.440892098500626e-16,0.0,0.0,6629.640334161775,-6.661338147750939e-16,0.0,0.0,13944.725790287068,-2.220446049250313e-16,0.0,2.0,8559.589621380705,2.000000000000001,0.0,0.0,5550.608874273899,-2.220446049250313e-16,0.0,0.0,4842.405130733928,-2.220446049250313e-16,0.0,0.0,1345.6108540193604,0.0,0.0,0.0,7357.4406124062,-2.220446049250313e-16,0.0,0.0,5111.197640990023,0.0,0.006111111111111111,1914.26713088087,64453.4265007659,0.2,6445.342650074832
722.0,24.0,0.4897959183673469,19006489.0,231983.35954545275,0.0,0.0,2472.9582569287386,0.0,0.006666666666666667,2.0,8641.249385584195,1.9999999999999996,0.0,0.0,6629.640334161775,-6.661338147750939e-16,0.0,0.0,13944.725790287068,-2.220446049250313e-16,0.0,0.0,8559.589621380705,8.881784197001252e-16,0.0,2.0,5552.608874273899,1.9999999999999998,0.0,0.0,4842.405130733928,-2.220446049250313e-16,0.0,0.0,1345.6108540193604,0.0,0.0,0.0,7357.4406124062,-2.220446049250313e-16,0.0,0.0,5111.197640990023,0.0,0.006666666666666667,1914.26713088087,64457.4265007659,0.4,6445.7426500748315
723.0,26.0,0.5306122448979592,19006515.0,231983.89015769766,0.0,0.0,2472.9582569287386,0.0,0.007222222222222222,0.0,8641.249385584195,-4.440892098500626e-16,0.0,0.0,6629.640334161775,-6.661338147750939e-16,0.0,2.0,13946.725790287068,1.9999999999999998,0.0,0.0,8559.589621380705,8.881784197001252e-16,0.0,0.0,5552.608874273899,-2.220446049250313e-16,0.0,0.0,4842.405130733928,-2.220446049250313e-16,0.0,0.0,1345.6108540193604,0.0,0.0,0.0,7357.4406124062,-2.220446049250313e-16,0.0,0.0,5111.197640990023,0.0,0.007222222222222222,1914.26713088087,64459.4265007659,0.2,6445.942650074831
724.0,28.0,0.5714285714285714,19006543.0,231984.46158626908,0.0,0.0,2472.9582569287386,0.0,0.0077777777777777776,1.025,8642.274385584195,1.0249999999999995,0.0,0.0,6629.640334161775,-6.661338147750939e-16,0.0,0.0,13946.725790287068,-2.220446049250313e-16,0.0,0.0,8559.589621380705,8.881784197001252e-16,0.0,0.0,5552.608874273899,-2.220446049250313e-16,0.0,0.0,4842.405130733928,-2.220446049250313e-16,0.0,0.0,1345.6108540193604,0.0,0.0,0.0,7357.4406124062,-2.220446049250313e-16,0.0,0.0,5111.197640990023,0.0,0.0077777777777777776,1914.26713088087,64460.45150076589,0.1025,6446.045150074831
725.0,30.0,0.625,19006573.0,231985.08658626908,0.0,0.0,2472.9582569287386,0.0,0.008333333333333333,0.0,8642.274385584195,-4.440892098500626e-16,0.0,0.0,6629.640334161775,-6.661338147750939e-16,0.0,0.0,13946.725790287068,-2.220446049250313e-16,0.0,0.0,8559.589621380705,8.881784197001252e-16,0.0,0.0,5552.608874273899,-2.220446049250313e-16,0.0,0.0,4842.405130733928,-2.220446049250313e-16,0.0,0.0,1345.6108540193604,0.0,0.0,0.0,7357.4406124062,-2.220446049250313e-16,0.0,0.0,5111.197640990023,0.0,0.008333333333333333,1914.26713088087,64460.45150076589,0.0,6446.045150074831
726.0,32.0,0.6666666666666666,19006605.0,231985.75325293574,0.0,0.0,2472.9582569287386,0.0,0.008888888888888889,0.0,8642.274385584195,-4.440892098500626e-16,0.0,1.05,6630.690334161775,1.0499999999999994,0.0,0.0,13946.725790287068,-2.220446049250313e-16,0.0,0.0,8559.589621380705,8.881784197001252e-16,0.0,0.0,5552.608874273899,-2.220446049250313e-16,0.0,0.0,4842.405130733928,-2.220446049250313e-16,0.0,0.0,1345.6108540193604,0.0,0.0,0.0,7357.4406124062,-2.220446049250313e-16,0.0,0.0,5111.197640990023,0.0,0.008888888888888889,1914.26713088087,64461.501500765895,0.10500000000000001,6446.150150074831
727.0,12.0,0.25,19006617.0,231986.00325293574,0.0,0.0,2472.9582569287386,0.0,0.0033333333333333335,0.0,8642.274385584195,-4.440892098500626e-16,0.0,0.0,6630.690334161775,-6.661338147750939e-16,0.0,0.0,13946.725790287068,-2.220446049250313e-16,0.0,0.0,8559.589621380705,8.881784197001252e-16,0.0,0.0,5552.608874273899,-2.220446049250313e-16,0.0,0.0,4842.405130733928,-2.220446049250313e-16,0.0,0.0,1345.6108540193604,0.0,0.0,0.0,7357.4406124062,-2.220446049250313e-16,0.0,0.0,5111.197640990023,0.0,0.0033333333333333335,1914.26713088087,64461.501500765895,0.0,6446.150150074831
728.0,0.0,0.0,19006617.0,231986.00325293574,0.0,0.0,2472.9582569287386,0.0,0.0,2.0,8644.274385584195,1.9999999999999996,0.0,0.0,6630.690334161775,-6.661338147750939e-16,0.0,0.0,13946.725790287068,-2.220446049250313e-16,0.0,0.0,8559.589621380705,8.881784197001252e-16,0.0,0.0,5552.608874273899,-2.220446049250313e-16,0.0,0.0,4842.405130733928,-2.220446049250313e-16,0.0,0.0,1345.6108540193604,0.0,0.0,0.0,7357.4406124062,-2.220446049250313e-16,0.0,0.0,5111.197640990023,0.0,0.0,1914.26713088087,64463.501500765895,0.2,6446.350150074831
729.0,0.0,0.0,19006617.0,231986.00325293574,0.0,0.0,2472.9582569287386,0.0,0.0,0.0,8644.274385584195,-4.440892098500626e-16,0.0,0.0,6630.690334161775,-6.661338147750939e-16,0.0,0.0,13946.725790287068,-2.220446049250313e-16,0.0,2.0,8561.589621380705,2.000000000000001,0.0,0.0,5552.608874273899,-2.220446049250313e-16,0.0,0.0,4842.405130733928,-2.220446049250313e-16,0.0,0.0,1345.6108540193604,0.0,0.0,0.0,7357.4406124062,-2.220446049250313e-16,0.0,0.0,5111.197640990023,0.0,0.0,1914.26713088087,64465.501500765895,0.2,6446.5501500748305
730.0,0.0,0.0,19006617.0,231986.00325293574,0.0,0.0,2472.9582569287386,0.0,0.0,0.0,8644.274385584195,-4.440892098500626e-16,0.0,0.0,6630.690334161775,-6.661338147750939e-16,0.0,0.0,13946.725790287068,-2.220446049250313e-16,0.0,2.0,8563.589621380705,2.000000000000001,0.0,0.0,5552.608874273899,-2.220446049250313e-16,0.0,0.0,4842.405130733928,-2.220446049250313e-16,0.0,0.0,1345.6108540193604,0.0,0.0,0.0,7357.4406124062,-2.220446049250313e-16,0.0,0.0,5111.197640990023,0.0,0.0,1914.26713088087,64467.501500765895,0.2,6446.75015007483
731.0,0.0,0.0,19006617.0,231986.00325293574,0.0,0.0,2472.9582569287386,0.0,0.0,0.0,8644.274385584195,-4.440892098500626e-16,0.0,0.0,6630.690334161775,-6.661338147750939e-16,0.0,0.0,13946.725790287068,-2.220446049250313e-16,0.0,0.0,8563.589621380705,8.881784197001252e-16,0.0,0.0,5552.608874273899,-2.220446049250313e-16,0.0,0.0,4842.405130733928,-2.220446049250313e-16,0.0,0.0,1345.6108540193604,0.0,0.0,0.0,7357.4406124062,-2.220446049250313e-16,0.0,0.0,5111.197640990023,0.0,0.0,1914.26713088087,64467.501500765895,0.0,6446.75015007483
732.0,0.0,0.0,19006617.0,231986.00325293574,0.0,0.0,2472.9582569287386,0.0,0.0,0.0,8644.274385584195,-4.440892098500626e-16,0.0,0.0,6630.690334161775,-6.661338147750939e-16,0.0,1.7244068084499198,13948.450197095517,1.7244068084499196,0.0,0.0,8563.589621380705,8.881784197001252e-16,0.0,0.0,5552.608874273899,-2.220446049250313e-16,0.0,0.0,4842.405130733928,-2.220446049250313e-16,0.0,0.0,1345.6108540193604,0.0,0.0,1.025,7358.465612406199,1.0249999999999997,0.0,0.0,5111.197640990023,0.0,0.0,1914.26713088087,64470.250907574344,0.274940680844992,6447.025090755676
733.0,0.0,0.0,19006617.0,231986.00325293574,0.0,0.0,2472.9582569287386,0.0,0.0,0.0,8644.274385584195,-4.440892098500626e-16,0.0,0.0,6630.690334161775,-6.661338147750939e-16,0.0,0.0,13948.450197095517,-2.220446049250313e-16,0.0,0.0,8563.589621380705,8.881784197001252e-16,0.0,0.0,5552.608874273899,-2.220446049250313e-16,0.0,0.0,4842.405130733928,-2.220446049250313e-16,0.0,0.0,1345.6108540193604,0.0,0.0,0.0,7358.465612406199,-2.220446049250313e-16,0.0,0.0,5111.197640990023,0.0,0.0,1914.26713088087,64470.250907574344,0.0,6447.025090755676
734.0,0.0,0.0,19006617.0,231986.00325293574,0.0,0.0,2472.9582569287386,0.0,0.0,0.0,8644.274385584195,-4.440892098500626e-16,0.0,0.0,6630.690334161775,-6.661338147750939e-16,0.0,0.0,13948.450197095517,-2.220446049250313e-16,0.0,0.0,8563.589621380705,8.881784197001252e-16,0.0,0.0,5552.608874273899,-2.220446049250313e-16,0.0,0.0,4842.405130733928,-2.220446049250313e-16,0.0,0.0,1345.6108540193604,0.0,0.0,0.0,7358.465612406199,-2.220446049250313e-16,0.0,0.0,5111.197640990023,0.0,0.0,1914.26713088087,64470.250907574344,0.0,6447.025090755676
735.0,0.0,0.0,19006617.0,231986.00325293574,0.0,0.0,2472.9582569287386,0.0,0.0,0.0,8644.274385584195,-4.440892098500626e-16,0.0,0.0,6630.690334161775,-6.661338147750939e-16,0.0,0.0,13948.450197095517,-2.220446049250313e-16,0.0,0.0,8563.589621380705,8.881784197001252e-16,0.0,0.0,5552.608874273899,-2.220446049250313e-16,0.0,0.0,4842.405130733928,-2.220446049250313e-16,0.0,0.0,1345.6108540193604,0.0,0.0,0.0,7358.465612406199,-2.220446049250313e-16,0.0,0.0,5111.197640990023,0.0,0.0,1914.26713088087,64470.250907574344,0.0,6447.025090755676
736.0,0.0,0.0,19006617.0,231986.00325293574,0.0,1.7552884140742422,2474.7135453428127,1.7552884140742422,0.0,0.0,8644.274385584195,-4.440892098500626e-16,0.0,0.0,6630.690334161775,-6.661338147750939e-16,0.0,0.0,13948.450197095517,-2.220446049250313e-16,0.0,0.0,8563.589621380705,8.881784197001252e-16,0.0,0.0,5552.608874273899,-2.220446049250313e-16,0.0,0.0,4842.405130733928,-2.220446049250313e-16,0.0,0.0,1345.6108540193604,0.0,0.0,0.0,7358.465612406199,-2.220446049250313e-16,0.0,0.0,5111.197640990023,0.0,0.0,1914.26713088087,64472.00619598842,0.17552884140742422,6447.2006195970835
737.0,1.0,0.02127659574468085,19006618.0,231986.02452953148,0.0,0.0,2474.7135453428127,0.0,0.0,0.0,8644.274385584195,-4.440892098500626e-16,0.0,0.0,6630.690334161775,-6.661338147750939e-16,0.0,0.0,13948.450197095517,-2.220446049250313e-16,0.0,0.0,8563.589621380705,8.881784197001252e-16,0.0,0.0,5552.608874273899,-2.220446049250313e-16,0.0,0.0,4842.405130733928,-2.220446049250313e-16,0.0,0.0,1345.6108540193604,0.0,0.0,0.0,7358.465612406199,-2.220446049250313e-16,0.0,0.0,5111.197640990023,0.0,0.0,1914.26713088087,64472.00619598842,0.0,6447.2006195970835
738.0,1.0,0.02127659574468085,19006619.0,231986.04580612722,0.0,0.0,2474.7135453428127,0.0,0.0,2.0,8646.274385584195,1.9999999999999996,0.0,0.0,6630.690334161775,-6.661338147750939e-16,0.0,0.0,13948.450197095517,-2.220446049250313e-16,0.0,0.0,8563.589621380705,8.881784197001252e-16,0.0002777777777777778,0.0,5552.608874273899,-2.220446049250313e-16,0.0,0.0,4842.405130733928,-2.220446049250313e-16,0.0,0.0,1345.6108540193604,0.0,0.0,0.0,7358.465612406199,-2.220446049250313e-16,0.0,0.0,5111.197640990023,0.0,0.0002777777777777778,1914.26713088087,64474.00619598842,0.2,6447.400619597083
739.0,0.0,0.0,19006619.0,231986.04580612722,0.0,0.0,2474.7135453428127,0.0,0.0,0.0,8646.274385584195,-4.440892098500626e-16,0.0,0.0,6630.690334161775,-6.661338147750939e-16,0.0,0.0,13948.450197095517,-2.220446049250313e-16,0.0,0.0,8563.589621380705,8.881784197001252e-16,0.0,0.0,5552.608874273899,-2.220446049250313e-16,0.0,0.0,4842.405130733928,-2.220446049250313e-16,0.0,0.0,1345.6108540193604,0.0,0.0,0.0,7358.465612406199,-2.220446049250313e-16,0.0,0.0,5111.197640990023,0.0,0.0,1914.26713088087,64474.00619598842,0.0,6447.400619597083
740.0,0.0,0.0,19006619.0,231986.04580612722,0.0,0.0,2474.7135453428127,0.0,0.0,0.0,8646.274385584195,-4.440892098500626e-16,0.0,0.0,6630.690334161775,-6.661338147750939e-16,0.0,2.0,13950.450197095517,1.9999999999999998,0.0,0.0,8563.589621380705,8.881784197001252e-16,0.0,0.0,5552.608874273899,-2.220446049250313e-16,0.0,0.0,4842.405130733928,-2.220446049250313e-16,0.0,0.0,1345.6108540193604,0.0,0.0,0.0,7358.465612406199,-2.220446049250313e-16,0.0,0.0,5111.197640990023,0.0,0.0,1914.26713088087,64476.00619598842,0.2,6447.600619597083
741.0,0.0,0.0,19006619.0,231986.04580612722,0.0,0.0,2474.7135453428127,0.0,0.0,0.0,8646.274385584195,-4.440892098500626e-16,0.0,1.748319506557729,6632.438653668333,1.7483195065577284,0.0,0.0,13950.450197095517,-2.220446049250313e-16,0.0,0.0,8563.589621380705,8.881784197001252e-16,0.0,0.0,5552.608874273899,-2.220446049250313e-16,0.0,0.0,4842.405130733928,-2.220446049250313e-16,0.0,0.0,1345.6108540193604,0.0,0.0,0.0,7358.465612406199,-2.220446049250313e-16,0.0,0.0,5111.197640990023,0.0,0.0,1914.26713088087,64477.75451549498,0.1748319506557729,6447.775451547739
742.0,1.0,0.02127659574468085,19006620.0,231986.06708272296,0.0,0.0,2474.7135453428127,0.0,0.0,0.0,8646.274385584195,-4.440892098500626e-16,0.0,0.0,6632.438653668333,-6.661338147750939e-16,0.0,0.0,13950.450197095517,-2.220446049250313e-16,0.0,0.0,8563.589621380705,8.881784197001252e-16,0.0,0.0,5552.608874273899,-2.220446049250313e-16,0.0002777777777777778,0.0,4842.405130733928,-2.220446049250313e-16,0.0,0.0,1345.6108540193604,0.0,0.0,0.0,7358.465612406199,-2.220446049250313e-16,0.0,0.0,5111.197640990023,0.0,0.0002777777777777778,1914.26713088087,64477.75451549498,0.0,6447.775451547739
743.0,3.0,0.06382978723404255,19006623.0,231986.13091251018,0.0,0.0,2474.7135453428127,0.0,0.0,0.0,8646.274385584195,-4.440892098500626e-16,0.0,0.0,6632.438653668333,-6.661338147750939e-16,0.0,2.0,13952.450197095517,1.9999999999999998,0.0,0.0,8563.589621380705,8.881784197001252e-16,0.0,0.0,5552.608874273899,-2.220446049250313e-16,0.0005555555555555556,0.0,4842.405130733928,-2.220446049250313e-16,0.0,0.0,1345.6108540193604,0.0,0.0,0.0,7358.465612406199,-2.220446049250313e-16,0.0,0.0,5111.197640990023,0.0,0.0005555555555555556,1914.26713088087,64479.75451549498,0.2,6447.975451547739
744.0,5.0,0.10638297872340426,19006628.0,231986.2372954889,0.0,0.0,2474.7135453428127,0.0,0.0,0.0,8646.274385584195,-4.440892098500626e-16,0.0,0.0,6632.438653668333,-6.661338147750939e-16,0.0,0.0,13952.450197095517,-2.220446049250313e-16,0.0,0.0,8563.589621380705,8.881784197001252e-16,0.0,0.0,5552.608874273899,-2.220446049250313e-16,0.0008333333333333334,0.0,4842.405130733928,-2.220446049250313e-16,0.0,0.0,1345.6108540193604,0.0,0.0,2.0,7360.465612406199,1.9999999999999998,0.0,0.0,5111.197640990023,0.0,0.0008333333333333334,1914.26713088087,64481.75451549498,0.2,6448.175451547739
745.0,7.0,0.15217391304347827,19006635.0,231986.38946940197,0.0,0.0,2474.7135453428127,0.0,0.0,0.0,8646.274385584195,-4.440892098500626e-16,0.0,0.0,6632.438653668333,-6.661338147750939e-16,0.0,0.0,13952.450197095517,-2.220446049250313e-16,0.0,0.0,8563.589621380705,8.881784197001252e-16,0.0,0.0,5552.608874273899,-2.220446049250313e-16,0.0011111111111111111,0.0,4842.405130733928,-2.220446049250313e-16,0.0,0.0,1345.6108540193604,0.0,0.0,0.0,7360.465612406199,-2.220446049250313e-16,0.0,2.0,5113.197640990023,2.0,0.0011111111111111111,1914.26713088087,64483.75451549498,0.2,6448.3754515477385
746.0,9.0,0.1956521739130435,19006644.0,231986.5851215759,0.0,0.0,2474.7135453428127,0.0,0.0,0.0,8646.274385584195,-4.440892098500626e-16,0.0,0.0,6632.438653668333,-6.661338147750939e-16,0.0,0.0,13952.450197095517,-2.220446049250313e-16,0.0,0.0,8563.589621380705,8.881784197001252e-16,0.0,0.0,5552.608874273899,-2.220446049250313e-16,0.001388888888888889,0.0,4842.405130733928,-2.220446049250313e-16,0.0,0.0,1345.6108540193604,0.0,0.0,0.0,7360.465612406199,-2.220446049250313e-16,0.0,0.0,5113.197640990023,0.0,0.001388888888888889,1914.26713088087,64483.75451549498,0.0,6448.3754515477385
747.0,11.0,0.2391304347826087,19006655.0,231986.82425201067,0.0,0.0,2474.7135453428127,0.0,0.0,0.0,8646.274385584195,-4.440892098500626e-16,0.0,0.0,6632.438653668333,-6.661338147750939e-16,0.0,0.0,13952.450197095517,-2.220446049250313e-16,0.0,0.0,8563.589621380705,8.881784197001252e-16,0.0,0.0,5552.608874273899,-2.220446049250313e-16,0.0016666666666666668,0.0,4842.405130733928,-2.220446049250313e-16,0.0,0.0,1345.6108540193604,0.0,0.0,0.0,7360.465612406199,-2.220446049250313e-16,0.0,0.0,5113.197640990023,0.0,0.0016666666666666668,1914.26713088087,64483.75451549498,0.0,6448.3754515477385
748.0,7.0,0.15217391304347827,19006662.0,231986.97642592373,0.0,0.0,2474.7135453428127,0.0,0.0,0.0,8646.274385584195,-4.440892098500626e-16,0.0,0.0,6632.438653668333,-6.661338147750939e-16,0.0,0.0,13952.450197095517,-2.220446049250313e-16,0.0,0.0,8563.589621380705,8.881784197001252e-16,0.0,0.0,5552.608874273899,-2.220446049250313e-16,0.0019444444444444444,2.0,4844.405130733928,1.9999999999999998,0.0,0.0,1345.6108540193604,0.0,0.0,2.0,7362.465612406199,1.9999999999999998,0.0,0.0,5113.197640990023,0.0,0.0019444444444444444,1914.26713088087,64487.75451549498,0.4,6448.775451547738
749.0,8.0,0.17391304347826086,19006670.0,231987.1503389672,0.0,0.0,2474.7135453428127,0.0,0.0,0.0,8646.274385584195,-4.440892098500626e-16,0.0,0.0,6632.438653668333,-6.661338147750939e-16,0.0,0.0,13952.450197095517,-2.220446049250313e-16,0.0,0.0,8563.589621380705,8.881784197001252e-16,0.0,0.0,5552.608874273899,-2.220446049250313e-16,0.0022222222222222222,0.0,4844.405130733928,-2.220446049250313e-16,0.0,0.0,1345.6108540193604,0.0,0.0,0.0,7362.465612406199,-2.220446049250313e-16,0.0,0.0,5113.197640990023,0.0,0.0022222222222222222,1914.26713088087,64487.75451549498,0.0,6448.775451547738
750.0,9.0,0.2,19006679.0,231987.35033896723,0.0,0.0,2474.7135453428127,0.0,0.0,0.0,8646.274385584195,-4.440892098500626e-16,0.0,0.0,6632.438653668333,-6.661338147750939e-16,0.0,1.6326955471757496,13954.082892642693,1.6326955471757494,0.0,0.0,8563.589621380705,8.881784197001252e-16,0.0,0.0,5552.608874273899,-2.220446049250313e-16,0.0025,0.0,4844.405130733928,-2.220446049250313e-16,0.0,0.0,1345.6108540193604,0.0,0.0,0.0,7362.465612406199,-2.220446049250313e-16,0.0,2.0,5115.197640990023,2.0,0.0025,1914.26713088087,64491.38721104215,0.36326955471757494,6449.138721102456
751.0,10.0,0.19230769230769232,19006689.0,231987.54264665954,0.0,0.0,2474.7135453428127,0.0,0.0,0.0,8646.274385584195,-4.440892098500626e-16,0.0,0.0,6632.438653668333,-6.661338147750939e-16,0.0,0.0,13954.082892642693,-2.220446049250313e-16,0.0,0.0,8563.589621380705,8.881784197001252e-16,0.0,0.0,5552.608874273899,-2.220446049250313e-16,0.002777777777777778,0.0,4844.405130733928,-2.220446049250313e-16,0.0,0.0,1345.6108540193604,0.0,0.0,0.0,7362.465612406199,-2.220446049250313e-16,0.0,0.0,5115.197640990023,0.0,0.002777777777777778,1914.26713088087,64491.38721104215,0.0,6449.138721102456
752.0,12.0,0.23529411764705882,19006701.0,231987.7779407772,0.0,0.0,2474.7135453428127,0.0,0.0,2.0,8648.274385584195,1.9999999999999996,0.0,0.0,6632.438653668333,-6.661338147750939e-16,0.0,0.0,13954.082892642693,-2.220446049250313e-16,0.0,2.0,8565.589621380705,2.000000000000001,0.0,-0.8426007412593546,5551.76627353264,-0.8426007412593548,0.0030555555555555557,0.29709521541134387,4844.702225949339,0.29709521541134365,0.0,0.0,1345.6108540193604,0.0,0.0002777777777777778,0.0,7362.465612406199,-2.220446049250313e-16,0.0,0.0,5115.197640990023,0.0,0.0033333333333333335,1915.1097316221292,64494.8417055163,0.3454494474151989,6449.484170549871
753.0,13.0,0.2549019607843137,19006714.0,231988.03284273797,0.0,0.0,2474.7135453428127,0.0,0.0,2.0,8650.274385584195,1.9999999999999996,0.0,2.0,6634.438653668333,1.9999999999999993,0.0,0.0,13954.082892642693,-2.220446049250313e-16,0.0,0.0,8565.589621380705,8.881784197001252e-16,0.0,0.0,5551.76627353264,-2.220446049250313e-16,0.0033333333333333335,0.0,4844.702225949339,-2.220446049250313e-16,0.0,0.0,1345.6108540193604,0.0,0.0,0.0,7362.465612406199,-2.220446049250313e-16,0.0,0.0,5115.197640990023,0.0,0.0033333333333333335,1915.1097316221292,64498.8417055163,0.4,6449.884170549871
754.0,15.0,0.3,19006729.0,231988.33284273796,0.0,0.0,2474.7135453428127,0.0,0.0,0.0,8650.274385584195,-4.440892098500626e-16,0.0,0.0,6634.438653668333,-6.661338147750939e-16,0.0,0.0,13954.082892642693,-2.220446049250313e-16,0.0,0.0,8565.589621380705,8.881784197001252e-16,0.0,0.0,5551.76627353264,-2.220446049250313e-16,0.003611111111111111,0.0,4844.702225949339,-2.220446049250313e-16,0.0,0.0,1345.6108540193604,0.0,0.0,0.0,7362.465612406199,-2.220446049250313e-16,0.0,0.0,5115.197640990023,0.0,0.003611111111111111,1915.1097316221292,64498.8417055163,0.0,6449.884170549871
755.0,18.0,0.36,19006747.0,231988.69284273795,0.0,0.0,2474.7135453428127,0.0,0.0,0.0,8650.274385584195,-4.440892098500626e-16,0.0,0.7806170504116011,6635.219270718745,0.7806170504116005,0.0,0.0,13954.082892642693,-2.220446049250313e-16,0.0,0.0,8565.589621380705,8.881784197001252e-16,0.0,0.0,5551.76627353264,-2.220446049250313e-16,0.0038888888888888888,0.0,4844.702225949339,-2.220446049250313e-16,0.0,0.0,1345.6108540193604,0.0,0.0,0.0,7362.465612406199,-2.220446049250313e-16,0.0,0.0,5115.197640990023,0.0,0.0038888888888888888,1915.1097316221292,64499.62232256671,0.07806170504116011,6449.962232254912
756.0,19.0,0.3877551020408163,19006766.0,231989.08059784,0.0,0.0,2474.7135453428127,0.0,0.0,0.0,8650.274385584195,-4.440892098500626e-16,0.0,0.0,6635.219270718745,-6.661338147750939e-16,0.0,0.0,13954.082892642693,-2.220446049250313e-16,0.0,0.0,8565.589621380705,8.881784197001252e-16,0.0,0.0,5551.76627353264,-2.220446049250313e-16,0.004166666666666667,0.0,4844.702225949339,-2.220446049250313e-16,0.0,0.0,1345.6108540193604,0.0,0.0,0.0,7362.465612406199,-2.220446049250313e-16,0.0,0.0,5115.197640990023,0.0,0.004166666666666667,1915.1097316221292,64499.62232256671,0.0,6449.962232254912
757.0,21.0,0.4375,19006787.0,231989.51809784,0.0,0.0,2474.7135453428127,0.0,0.0,0.0,8650.274385584195,-4.440892098500626e-16,0.0,0.0,6635.219270718745,-6.661338147750939e-16,0.0,2.0,13956.082892642693,1.9999999999999998,0.0,0.0,8565.589621380705,8.881784197001252e-16,0.0,0.0,5551.76627353264,-2.220446049250313e-16,0.0044444444444444444,0.0,4844.702225949339,-2.220446049250313e-16,0.0,0.0,1345.6108540193604,0.0,0.0,0.0,7362.465612406199,-2.220446049250313e-16,0.0,0.0,5115.197640990023,0.0,0.0044444444444444444,1915.1097316221292,64501.62232256671,0.2,6450.162232254912
758.0,23.0,0.4791666666666667,19006810.0,231989.99726450664,0.0,0.0,2474.7135453428127,0.0,0.0,0.0,8650.274385584195,-4.440892098500626e-16,0.0,0.0,6635.219270718745,-6.661338147750939e-16,0.0,0.0,13956.082892642693,-2.220446049250313e-16,0.0,0.0,8565.589621380705,8.881784197001252e-16,0.0,0.0,5551.76627353264,-2.220446049250313e-16,0.004722222222222222,0.0,4844.702225949339,-2.220446049250313e-16,0.0,0.0,1345.6108540193604,0.0,0.0,0.0,7362.465612406199,-2.220446049250313e-16,0.0,0.0,5115.197640990023,0.0,0.004722222222222222,1915.1097316221292,64501.62232256671,0.0,6450.162232254912
759.0,26.0,0.5416666666666666,19006836.0,231990.5389311733,0.0,2.0,2476.7135453428127,2.0,0.0,0.0,8650.274385584195,-4.440892098500626e-16,0.0,0.0,6635.219270718745,-6.661338147750939e-16,0.0,0.0,13956.082892642693,-2.220446049250313e-16,0.0,2.0,8567.589621380705,2.000000000000001,0.0,0.0,5551.76627353264,-2.220446049250313e-16,0.005,0.0,4844.702225949339,-2.220446049250313e-16,0.0,0.0,1345.6108540193604,0.0,0.0,0.0,7362.465612406199,-2.220446049250313e-16,0.0,0.0,5115.197640990023,0.0,0.005,1915.1097316221292,64505.62232256671,0.4,6450.562232254912
760.0,29.0,0.6041666666666666,19006865.0,231991.14309783996,0.0,0.0,2476.7135453428127,0.0,0.0,0.0,8650.274385584195,-4.440892098500626e-16,0.0,0.0,6635.219270718745,-6.661338147750939e-16,0.0,0.0,13956.082892642693,-2.220446049250313e-16,0.0,2.0,8569.589621380705,2.000000000000001,0.0,0.0,5551.76627353264,-2.220446049250313e-16,0.005277777777777778,0.0,4844.702225949339,-2.220446049250313e-16,0.0,0.0,1345.6108540193604,0.0,0.0,0.0,7362.465612406199,-2.220446049250313e-16,0.0,0.0,5115.197640990023,0.0,0.005277777777777778,1915.1097316221292,64507.62232256671,0.2,6450.762232254911
761.0,29.0,0.6041666666666666,19006894.0,231991.74726450662,0.0,0.0,2476.7135453428127,0.0,0.0,0.0,8650.274385584195,-4.440892098500626e-16,0.0,0.0,6635.219270718745,-6.661338147750939e-16,0.0,2.0,13958.082892642693,1.9999999999999998,0.0,0.0,8569.589621380705,8.881784197001252e-16,0.0,0.0,5551.76627353264,-2.220446049250313e-16,0.005555555555555556,0.0,4844.702225949339,-2.220446049250313e-16,0.0,0.0,1345.6108540193604,0.0,0.0,0.0,7362.465612406199,-2.220446049250313e-16,0.0,0.0,5115.197640990023,0.0,0.005555555555555556,1915.1097316221292,64509.62232256671,0.2,6450.962232254911
762.0,31.0,0.6458333333333334,19006925.0,231992.39309783996,0.0,0.0,2476.7135453428127,0.0,0.0,0.0,8650.274385584195,-4.440892098500626e-16,0.0,0.0,6635.219270718745,-6.661338147750939e-16,0.0,0.0,13958.082892642693,-2.220446049250313e-16,0.0,0.0,8569.589621380705,8.881784197001252e-16,0.0,2.0,5553.76627353264,1.9999999999999998,0.005833333333333334,0.0,4844.702225949339,-2.220446049250313e-16,0.0,0.0,1345.6108540193604,0.0,0.0,0.0,7362.465612406199,-2.220446049250313e-16,0.0,0.0,5115.197640990023,0.0,0.005833333333333334,1915.1097316221292,64511.62232256671,0.2,6451.162232254911
763.0,33.0,0.6875,19006958.0,231993.08059783996,0.0,0.0,2476.7135453428127,0.0,0.0,0.0,8650.274385584195,-4.440892098500626e-16,0.0,2.0,6637.219270718745,1.9999999999999993,0.0,0.0,13958.082892642693,-2.220446049250313e-16,0.0,0.0,8569.589621380705,8.881784197001252e-16,0.0,0.0,5553.76627353264,-2.220446049250313e-16,0.006111111111111111,0.0,4844.702225949339,-2.220446049250313e-16,0.0,0.0,1345.6108540193604,0.0,0.0,0.0,7362.465612406199,-2.220446049250313e-16,0.0,0.0,5115.197640990023,0.0,0.006111111111111111,1915.1097316221292,64513.62232256671,0.2,6451.362232254911
764.0,35.0,0.7291666666666666,19006993.0,231993.80976450662,0.0,0.0,2476.7135453428127,0.0,0.0,0.0,8650.274385584195,-4.440892098500626e-16,0.0,0.0,6637.219270718745,-6.661338147750939e-16,0.0,0.0,13958.082892642693,-2.220446049250313e-16,0.0,0.0,8569.589621380705,8.881784197001252e-16,0.0,0.0,5553.76627353264,-2.220446049250313e-16,0.006388888888888889,0.0,4844.702225949339,-2.220446049250313e-16,0.0,0.0,1345.6108540193604,0.0,0.0,0.0,7362.465612406199,-2.220446049250313e-16,0.0,0.0,5115.197640990023,0.0,0.006388888888888889,1915.1097316221292,64513.62232256671,0.0,6451.362232254911
765.0,24.0,0.5106382978723404,19007017.0,231994.3204028045,0.0,0.0,2476.7135453428127,0.0,0.0,0.0,8650.274385584195,-4.440892098500626e-16,0.0,0.0,6637.219270718745,-6.661338147750939e-16,0.0,2.0,13960.082892642693,1.9999999999999998,0.0,0.0,8569.589621380705,8.881784197001252e-16,0.0,0.0,5553.76627353264,-2.220446049250313e-16,0.006666666666666667,0.0,4844.702225949339,-2.220446049250313e-16,0.0,0.0,1345.6108540193604,0.0,0.0,0.0,7362.465612406199,-2.220446049250313e-16,0.0,0.0,5115.197640990023,0.0,0.006666666666666667,1915.1097316221292,64515.62232256671,0.2,6451.562232254911
766.0,27.0,0.5869565217391305,19007044.0,231994.90735932623,0.0,0.0,2476.7135453428127,0.0,0.0,0.0,8650.274385584195,-4.440892098500626e-16,0.0,0.0,6637.219270718745,-6.661338147750939e-16,0.0,0.0,13960.082892642693,-2.220446049250313e-16,0.0002777777777777778,0.0,8569.589621380705,8.881784197001252e-16,0.0,0.0,5553.76627353264,-2.220446049250313e-16,0.006944444444444444,0.0,4844.702225949339,-2.220446049250313e-16,0.0,0.0,1345.6108540193604,0.0,0.0,0.0,7362.465612406199,-2.220446049250313e-16,0.0,0.0,5115.197640990023,0.0,0.007222222222222222,1915.1097316221292,64515.62232256671,0.0,6451.562232254911
767.0,30.0,0.6521739130434783,19007074.0,231995.55953323928,0.0,0.0,2476.7135453428127,0.0,0.0,0.0,8650.274385584195,-4.440892098500626e-16,0.0,0.0,6637.219270718745,-6.661338147750939e-16,0.0,0.0,13960.082892642693,-2.220446049250313e-16,0.0005555555555555556,0.0,8569.589621380705,8.881784197001252e-16,0.0,0.0,5553.76627353264,-2.220446049250313e-16,0.007222222222222222,0.0,4844.702225949339,-2.220446049250313e-16,0.0,0.0,1345.6108540193604,0.0,0.0,0.0,7362.465612406199,-2.220446049250313e-16,0.0,0.0,5115.197640990023,0.0,0.0077777777777777776,1915.1097316221292,64515.62232256671,0.0,6451.562232254911
768.0,33.0,0.717391304347826,19007107.0,231996.27692454364,0.0,0.0,2476.7135453428127,0.0,0.0,0.0,8650.274385584195,-4.440892098500626e-16,0.0,0.0,6637.219270718745,-6.661338147750939e-16,0.0,0.0,13960.082892642693,-2.220446049250313e-16,0.0008333333333333334,0.0,8569.589621380705,8.881784197001252e-16,0.0,0.0,5553.76627353264,-2.220446049250313e-16,0.0075,0.0,4844.702225949339,-2.220446049250313e-16,0.0,0.0,1345.6108540193604,0.0,0.0,0.0,7362.465612406199,-2.220446049250313e-16,0.0,0.0,5115.197640990023,0.0,0.008333333333333333,1915.1097316221292,64515.62232256671,0.0,6451.562232254911
769.0,36.0,0.782608695652174,19007143.0,231997.05953323928,0.0,0.0,2476.7135453428127,0.0,0.0,0.0,8650.274385584195,-4.440892098500626e-16,0.0,0.0,6637.219270718745,-6.661338147750939e-16,0.0,0.0,13960.082892642693,-2.220446049250313e-16,0.0011111111111111111,0.0,8569.589621380705,8.881784197001252e-16,0.0,0.0,5553.76627353264,-2.220446049250313e-16,0.0077777777777777776,2.0,4846.702225949339,1.9999999999999998,0.0,0.0,1345.6108540193604,0.0,0.0,0.0,7362.465612406199,-2.220446049250313e-16,0.0,0.0,5115.197640990023,0.0,0.008888888888888889,1915.1097316221292,64517.62232256671,0.2,6451.7622322549105
770.0,39.0,0.8478260869565217,19007182.0,231997.90735932623,0.0,0.0,2476.7135453428127,0.0,0.0,0.0,8650.274385584195,-4.440892098500626e-16,0.0,0.0,6637.219270718745,-6.661338147750939e-16,0.0,0.0,13960.082892642693,-2.220446049250313e-16,0.001388888888888889,0.0,8569.589621380705,8.881784197001252e-16,0.0,0.0,5553.76627353264,-2.220446049250313e-16,0.008055555555555555,0.0,4846.702225949339,-2.220446049250313e-16,0.0,0.0,1345.6108540193604,0.0,0.0,0.0,7362.465612406199,-2.220446049250313e-16,0.0,0.0,5115.197640990023,0.0,0.009444444444444445,1915.1097316221292,64517.62232256671,0.0,6451.7622322549105
771.0,42.0,0.9130434782608695,19007224.0,231998.8204028045,0.0,0.0,2476.7135453428127,0.0,0.0,0.0,8650.274385584195,-4.440892098500626e-16,0.0,0.0,6637.219270718745,-6.661338147750939e-16,0.0,2.0,13962.082892642693,1.9999999999999998,0.0016666666666666668,0.0,8569.589621380705,8.881784197001252e-16,0.0,0.0,5553.76627353264,-2.220446049250313e-16,0.008333333333333333,0.0,4846.702225949339,-2.220446049250313e-16,0.0,0.0,1345.6108540193604,0.0,0.0,0.0,7362.465612406199,-2.220446049250313e-16,0.0,0.0,5115.197640990023,0.0,0.01,1915.1097316221292,64519.62232256671,0.2,6451.96223225491
772.0,46.0,1.0,19007270.0,231999.8204028045,0.0,0.0,2476.7135453428127,0.0,0.0,0.0,8650.274385584195,-4.440892098500626e-16,0.0,0.0,6637.219270718745,-6.661338147750939e-16,0.0,0.0,13962.082892642693,-2.220446049250313e-16,0.0022222222222222222,0.0,8569.589621380705,8.881784197001252e-16,0.0,0.0,5553.76627353264,-2.220446049250313e-16,0.008611111111111111,0.0,4846.702225949339,-2.220446049250313e-16,0.0,0.0,1345.6108540193604,0.0,0.0,0.0,7362.465612406199,-2.220446049250313e-16,0.0,0.0,5115.197640990023,0.0,0.010833333333333334,1915.1097316221292,64519.62232256671,0.0,6451.96223225491
773.0,40.0,0.8695652173913043,19007310.0,232000.68996802188,0.0,0.0,2476.7135453428127,0.0,0.0,0.0,8650.274385584195,-4.440892098500626e-16,0.0,0.0,6637.219270718745,-6.661338147750939e-16,0.0,0.0,13962.082892642693,-2.220446049250313e-16,0.0022222222222222222,0.0,8569.589621380705,8.881784197001252e-16,0.0,0.0,5553.76627353264,-2.220446049250313e-16,0.008888888888888889,0.0,4846.702225949339,-2.220446049250313e-16,0.0,0.0,1345.6108540193604,0.0,0.0,0.0,7362.465612406199,-2.220446049250313e-16,0.0,0.0,5115.197640990023,0.0,0.011111111111111112,1915.1097316221292,64519.62232256671,0.0,6451.96223225491
774.0,33.0,0.7333333333333333,19007343.0,232001.42330135521,0.0,0.0,2476.7135453428127,0.0,0.0,0.0,8650.274385584195,-4.440892098500626e-16,0.0,0.0,6637.219270718745,-6.661338147750939e-16,0.0,0.0,13962.082892642693,-2.220446049250313e-16,0.0,0.0,8569.589621380705,8.881784197001252e-16,0.0,0.0,5553.76627353264,-2.220446049250313e-16,0.009166666666666667,0.0,4846.702225949339,-2.220446049250313e-16,0.0,0.0,1345.6108540193604,0.0,0.0,0.0,7362.465612406199,-2.220446049250313e-16,0.0,0.0,5115.197640990023,0.0,0.009166666666666667,1915.1097316221292,64519.62232256671,0.0,6451.96223225491
775.0,2.0,0.045454545454545456,19007345.0,232001.46875590066,0.0,0.0,2476.7135453428127,0.0,0.0,2.0,8652.274385584195,1.9999999999999996,0.0,0.0,6637.219270718745,-6.661338147750939e-16,0.0,1.05,13963.132892642692,1.0499999999999998,0.0,0.0,8569.589621380705,8.881784197001252e-16,0.0,0.0,5553.76627353264,-2.220446049250313e-16,0.0,0.0,4846.702225949339,-2.220446049250313e-16,0.0,0.0,1345.6108540193604,0.0,0.0,0.0,7362.465612406199,-2.220446049250313e-16,0.0,0.0,5115.197640990023,0.0,0.0,1915.1097316221292,64522.672322566716,0.305,6452.267232254911
776.0,4.0,0.09090909090909091,19007349.0,232001.55966499157,0.0,0.0,2476.7135453428127,0.0,0.0,0.0,8652.274385584195,-4.440892098500626e-16,0.0,0.0,6637.219270718745,-6.661338147750939e-16,0.0,0.0,13963.132892642692,-2.220446049250313e-16,0.0,0.0,8569.589621380705,8.881784197001252e-16,0.0,0.0,5553.76627353264,-2.220446049250313e-16,0.0,0.0,4846.702225949339,-2.220446049250313e-16,0.0,0.0,1345.6108540193604,0.0,0.0,2.0,7364.465612406199,1.9999999999999998,0.0,0.0,5115.197640990023,0.0,0.0,1915.1097316221292,64524.672322566716,0.2,6452.46723225491
777.0,4.0,0.09090909090909091,19007353.0,232001.65057408248,0.0,0.0,2476.7135453428127,0.0,0.0,0.0,8652.274385584195,-4.440892098500626e-16,0.0,0.0,6637.219270718745,-6.661338147750939e-16,0.0002777777777777778,0.0,13963.132892642692,-2.220446049250313e-16,0.0,0.0,8569.589621380705,8.881784197001252e-16,0.0,0.0,5553.76627353264,-2.220446049250313e-16,0.0,0.0,4846.702225949339,-2.220446049250313e-16,0.0,0.0,1345.6108540193604,0.0,0.0,0.0,7364.465612406199,-2.220446049250313e-16,0.0,0.0,5115.197640990023,0.0,0.0002777777777777778,1915.1097316221292,64524.672322566716,0.0,6452.46723225491
778.0,6.0,0.13953488372093023,19007359.0,232001.7901089662,0.0,0.0,2476.7135453428127,0.0,0.0,0.0,8652.274385584195,-4.440892098500626e-16,0.0,0.0,6637.219270718745,-6.661338147750939e-16,0.0005555555555555556,2.0,13965.132892642692,1.9999999999999998,0.0,0.0,8569.589621380705,8.881784197001252e-16,0.0,0.0,5553.76627353264,-2.220446049250313e-16,0.0,0.0,4846.702225949339,-2.220446049250313e-16,0.0,0.0,1345.6108540193604,0.0,0.0,0.0,7364.465612406199,-2.220446049250313e-16,0.0,0.0,5115.197640990023,0.0,0.0005555555555555556,1915.1097316221292,64526.672322566716,0.2,6452.66723225491
779.0,8.0,0.18604651162790697,19007367.0,232001.97615547784,0.0,0.0,2476.7135453428127,0.0,0.0,0.0,8652.274385584195,-4.440892098500626e-16,0.0,0.0,6637.219270718745,-6.661338147750939e-16,0.0008333333333333334,0.0,13965.132892642692,-2.220446049250313e-16,0.0,0.0,8569.589621380705,8.881784197001252e-16,0.0,0.0,5553.76627353264,-2.220446049250313e-16,0.0,0.0,4846.702225949339,-2.220446049250313e-16,0.0,0.0,1345.6108540193604,0.0,0.0,0.0,7364.465612406199,-2.220446049250313e-16,0.0,2.0,5117.197640990023,2.0,0.0008333333333333334,1915.1097316221292,64528.672322566716,0.2,6452.86723225491
780.0,0.0,0.0,19007367.0,232001.97615547784,0.0,0.0,2476.7135453428127,0.0,0.0,0.0,8652.274385584195,-4.440892098500626e-16,0.0,0.0,6637.219270718745,-6.661338147750939e-16,0.0,0.0,13965.132892642692,-2.220446049250313e-16,0.0,0.0,8569.589621380705,8.881784197001252e-16,0.0,0.0,5553.76627353264,-2.220446049250313e-16,0.0,0.0,4846.702225949339,-2.220446049250313e-16,0.0,0.0,1345.6108540193604,0.0,0.0,0.0,7364.465612406199,-2.220446049250313e-16,0.0,0.0,5117.197640990023,0.0,0.0,1915.1097316221292,64528.672322566716,0.0,6452.86723225491
781.0,0.0,0.0,19007367.0,232001.97615547784,0.0,0.0,2476.7135453428127,0.0,0.0,2.0,8654.274385584195,1.9999999999999996,0.0,0.0,6637.219270718745,-6.661338147750939e-16,0.0,0.0,13965.132892642692,-2.220446049250313e-16,0.0,0.0,8569.589621380705,8.881784197001252e-16,0.0,0.0,5553.76627353264,-2.220446049250313e-16,0.0,0.0,4846.702225949339,-2.220446049250313e-16,0.0,0.0,1345.6108540193604,0.0,0.0,0.0,7364.465612406199,-2.220446049250313e-16,0.0,0.0,5117.197640990023,0.0,0.0,1915.1097316221292,64530.672322566716,0.2,6453.06723225491
782.0,0.0,0.0,19007367.0,232001.97615547784,0.0,0.0,2476.7135453428127,0.0,0.0,1.5978475796887097,8655.872233163884,1.5978475796887093,0.0,0.0,6637.219270718745,-6.661338147750939e-16,0.0,0.0,13965.132892642692,-2.220446049250313e-16,0.0,0.0,8569.589621380705,8.881784197001252e-16,0.0,1.9549873964710118,5555.721260929111,1.9549873964710116,0.0,0.0,4846.702225949339,-2.220446049250313e-16,0.0,0.0,1345.6108540193604,0.0,0.0,0.0,7364.465612406199,-2.220446049250313e-16,0.0,0.0,5117.197640990023,0.0,0.0,1915.1097316221292,64534.225157542875,0.35528349761597217,6453.422515752526
783.0,0.0,0.0,19007367.0,232001.97615547784,0.0,0.0,2476.7135453428127,0.0,0.0,0.0,8655.872233163884,-4.440892098500626e-16,0.0,0.0,6637.219270718745,-6.661338147750939e-16,0.0,0.0,13965.132892642692,-2.220446049250313e-16,0.0,0.0,8569.589621380705,8.881784197001252e-16,0.0,0.0,5555.721260929111,-2.220446049250313e-16,0.0,0.0,4846.702225949339,-2.220446049250313e-16,0.0,0.0,1345.6108540193604,0.0,0.0,0.0,7364.465612406199,-2.220446049250313e-16,0.0,0.0,5117.197640990023,0.0,0.0,1915.1097316221292,64534.225157542875,0.0,6453.422515752526
784.0,0.0,0.0,19007367.0,232001.97615547784,0.0,0.0,2476.7135453428127,0.0,0.0,0.0,8655.872233163884,-4.440892098500626e-16,0.0,1.5065256796915316,6638.725796398437,1.506525679691531,0.0,0.0,13965.132892642692,-2.220446049250313e-16,0.0,0.0,8569.589621380705,8.881784197001252e-16,0.0,0.0,5555.721260929111,-2.220446049250313e-16,0.0,0.0,4846.702225949339,-2.220446049250313e-16,0.0,0.0,1345.6108540193604,0.0,0.0,2.0,7366.465612406199,1.9999999999999998,0.0,0.0,5117.197640990023,0.0,0.0,1915.1097316221292,64537.73168322256,0.3506525679691531,6453.773168320496
785.0,0.0,0.0,19007367.0,232001.97615547784,0.0,0.0,2476.7135453428127,0.0,0.0,0.0,8655.872233163884,-4.440892098500626e-16,0.0,0.0,6638.725796398437,-6.661338147750939e-16,0.0,0.0,13965.132892642692,-2.220446049250313e-16,0.0,0.0,8569.589621380705,8.881784197001252e-16,0.0,0.0,5555.721260929111,-2.220446049250313e-16,0.0,0.0,4846.702225949339,-2.220446049250313e-16,0.0,0.0,1345.6108540193604,0.0,0.0,0.0,7366.465612406199,-2.220446049250313e-16,0.0,0.0,5117.197640990023,0.0,0.0,1915.1097316221292,64537.73168322256,0.0,6453.773168320496
786.0,1.0,0.02040816326530612,19007368.0,232001.9965636411,0.0,0.0,2476.7135453428127,0.0,0.0,0.0,8655.872233163884,-4.440892098500626e-16,0.0,2.0,6640.725796398437,1.9999999999999993,0.0,0.0,13965.132892642692,-2.220446049250313e-16,0.0,0.0,8569.589621380705,8.881784197001252e-16,0.0,0.0,5555.721260929111,-2.220446049250313e-16,0.0,0.0,4846.702225949339,-2.220446049250313e-16,0.0,0.0,1345.6108540193604,0.0,0.0,0.0,7366.465612406199,-2.220446049250313e-16,0.0,2.0,5119.197640990023,2.0,0.0,1915.1097316221292,64541.73168322256,0.4,6454.173168320495
787.0,2.0,0.04081632653061224,19007370.0,232002.03737996763,0.0,0.0,2476.7135453428127,0.0,0.0,0.0,8655.872233163884,-4.440892098500626e-16,0.0,0.0,6640.725796398437,-6.661338147750939e-16,0.0,0.0,13965.132892642692,-2.220446049250313e-16,0.0,0.0,8569.589621380705,8.881784197001252e-16,0.0,0.0,5555.721260929111,-2.220446049250313e-16,0.0,0.0,4846.702225949339,-2.220446049250313e-16,0.0,0.0,1345.6108540193604,0.0,0.0,0.0,7366.465612406199,-2.220446049250313e-16,0.0,0.0,5119.197640990023,0.0,0.0,1915.1097316221292,64541.73168322256,0.0,6454.173168320495
788.0,3.0,0.061224489795918366,19007373.0,232002.09860445742,0.0,0.0,2476.7135453428127,0.0,0.0,0.0,8655.872233163884,-4.440892098500626e-16,0.0,0.0,6640.725796398437,-6.661338147750939e-16,0.0,0.0,13965.132892642692,-2.220446049250313e-16,0.0,2.0,8571.589621380705,2.000000000000001,0.0,0.0,5555.721260929111,-2.220446049250313e-16,0.0,0.0,4846.702225949339,-2.220446049250313e-16,0.0,0.0,1345.6108540193604,0.0,0.0,0.0,7366.465612406199,-2.220446049250313e-16,0.0,0.0,5119.197640990023,0.0,0.0,1915.1097316221292,64543.73168322256,0.2,6454.373168320495
789.0,4.0,0.08163265306122448,19007377.0,232002.18023711047,0.0,0.0,2476.7135453428127,0.0,0.0,0.0,8655.872233163884,-4.440892098500626e-16,0.0,0.0,6640.725796398437,-6.661338147750939e-16,0.0,2.0,13967.132892642692,1.9999999999999998,0.0,0.0,8571.589621380705,8.881784197001252e-16,0.0,0.0,5555.721260929111,-2.220446049250313e-16,0.0,0.0,4846.702225949339,-2.220446049250313e-16,0.0,0.0,1345.6108540193604,0.0,0.0,2.0,7368.465612406199,1.9999999999999998,0.0,0.0,5119.197640990023,0.0,0.0,1915.1097316221292,64547.73168322256,0.4,6454.773168320495
790.0,5.0,0.10204081632653061,19007382.0,232002.2822779268,0.0,0.0,2476.7135453428127,0.0,0.0,0.0,8655.872233163884,-4.440892098500626e-16,0.0,0.0,6640.725796398437,-6.661338147750939e-16,0.0,0.0,13967.132892642692,-2.220446049250313e-16,0.0,2.0,8573.589621380705,2.000000000000001,0.0,0.0,5555.721260929111,-2.220446049250313e-16,0.0,0.0,4846.702225949339,-2.220446049250313e-16,0.0,0.0,1345.6108540193604,0.0,0.0,0.0,7368.465612406199,-2.220446049250313e-16,0.0,0.0,5119.197640990023,0.0,0.0,1915.1097316221292,64549.73168322256,0.2,6454.973168320495
791.0,6.0,0.12244897959183673,19007388.0,232002.4047269064,0.0,0.0,2476.7135453428127,0.0,0.0,0.0,8655.872233163884,-4.440892098500626e-16,0.0,0.0,6640.725796398437,-6.661338147750939e-16,0.0,0.0,13967.132892642692,-2.220446049250313e-16,0.0,0.0,8573.589621380705,8.881784197001252e-16,0.0,2.0,5557.721260929111,1.9999999999999998,0.0,0.0,4846.702225949339,-2.220446049250313e-16,0.0,0.0,1345.6108540193604,0.0,0.0,0.0,7368.465612406199,-2.220446049250313e-16,0.0,0.0,5119.197640990023,0.0,0.0,1915.1097316221292,64551.73168322256,0.2,6455.173168320494
792.0,8.0,0.16666666666666666,19007396.0,232002.57139357305,0.0,0.0,2476.7135453428127,0.0,0.0,0.0,8655.872233163884,-4.440892098500626e-16,0.0,0.0,6640.725796398437,-6.661338147750939e-16,0.0,0.7350696377708158,13967.867962280463,0.7350696377708156,0.0,0.0,8573.589621380705,8.881784197001252e-16,0.0,0.0,5557.721260929111,-2.220446049250313e-16,0.0,0.0,4846.702225949339,-2.220446049250313e-16,0.0,0.0,1345.6108540193604,0.0,0.0,0.0,7368.465612406199,-2.220446049250313e-16,0.0,0.0,5119.197640990023,0.0,0.0,1915.1097316221292,64552.46675286033,0.07350696377708157,6455.246675284271
793.0,10.0,0.20833333333333334,19007406.0,232002.7797269064,0.0,0.0,2476.7135453428127,0.0,0.0,0.0,8655.872233163884,-4.440892098500626e-16,0.0,0.0,6640.725796398437,-6.661338147750939e-16,0.0,0.0,13967.867962280463,-2.220446049250313e-16,0.0,0.0,8573.589621380705,8.881784197001252e-16,0.0,0.0,5557.721260929111,-2.220446049250313e-16,0.0,0.0,4846.702225949339,-2.220446049250313e-16,0.0,0.0,1345.6108540193604,0.0,0.0,0.0,7368.465612406199,-2.220446049250313e-16,0.0,0.0,5119.197640990023,0.0,0.0,1915.1097316221292,64552.46675286033,0.0,6455.246675284271
794.0,12.0,0.25,19007418.0,232003.0297269064,0.0,0.0,2476.7135453428127,0.0,0.0,0.0,8655.872233163884,-4.440892098500626e-16,0.0,0.0,6640.725796398437,-6.661338147750939e-16,0.0,2.0,13969.867962280463,1.9999999999999998,0.0,0.0,8573.589621380705,8.881784197001252e-16,0.0,0.0,5557.721260929111,-2.220446049250313e-16,0.0,0.0,4846.702225949339,-2.220446049250313e-16,0.0,0.0,1345.6108540193604,0.0,0.0,0.0,7368.465612406199,-2.220446049250313e-16,0.0,0.0,5119.197640990023,0.0,0.0,1915.1097316221292,64554.46675286033,0.2,6455.446675284271
795.0,14.0,0.2916666666666667,19007432.0,232003.32139357305,0.0,0.0,2476.7135453428127,0.0,0.0,0.0,8655.872233163884,-4.440892098500626e-16,0.0,0.0,6640.725796398437,-6.661338147750939e-16,0.0,0.0,13969.867962280463,-2.220446049250313e-16,0.0,0.0,8573.589621380705,8.881784197001252e-16,0.0,0.0,5557.721260929111,-2.220446049250313e-16,0.0,0.0,4846.702225949339,-2.220446049250313e-16,0.0,0.0,1345.6108540193604,0.0,0.0,0.0,7368.465612406199,-2.220446049250313e-16,0.0,0.0,5119.197640990023,0.0,0.0,1915.1097316221292,64554.46675286033,0.0,6455.446675284271
796.0,16.0,0.3404255319148936,19007448.0,232003.66181910495,0.0,0.0,2476.7135453428127,0.0,0.0,0.0,8655.872233163884,-4.440892098500626e-16,0.0,0.0,6640.725796398437,-6.661338147750939e-16,0.0,0.0,13969.867962280463,-2.220446049250313e-16,0.0,1.05,8574.639621380704,1.050000000000001,0.0,0.0,5557.721260929111,-2.220446049250313e-16,0.0,0.0,4846.702225949339,-2.220446049250313e-16,0.0,0.0,1345.6108540193604,0.0,0.0,0.0,7368.465612406199,-2.220446049250313e-16,0.0,0.0,5119.197640990023,0.0,0.0,1915.1097316221292,64555.516752860334,0.10500000000000001,6455.5516752842705
797.0,18.0,0.3829787234042553,19007466.0,232004.04479782836,0.0,0.0,2476.7135453428127,0.0,0.0,0.0,8655.872233163884,-4.440892098500626e-16,0.0,0.0,6640.725796398437,-6.661338147750939e-16,0.0,0.0,13969.867962280463,-2.220446049250313e-16,0.0,0.0,8574.639621380704,8.881784197001252e-16,0.0,0.0,5557.721260929111,-2.220446049250313e-16,0.0,0.0,4846.702225949339,-2.220446049250313e-16,0.0,0.0,1345.6108540193604,0.0,0.0,0.0,7368.465612406199,-2.220446049250313e-16,0.0,0.0,5119.197640990023,0.0,0.0,1915.1097316221292,64555.516752860334,0.0,6455.5516752842705
798.0,20.0,0.425531914893617,19007486.0,232004.47032974326,0.0,0.0,2476.7135453428127,0.0,0.0,0.0,8655.872233163884,-4.440892098500626e-16,0.0,0.0,6640.725796398437,-6.661338147750939e-16,0.0,0.0,13969.867962280463,-2.220446049250313e-16,0.0,0.0,8574.639621380704,8.881784197001252e-16,0.0,0.0,5557.721260929111,-2.220446049250313e-16,0.0,0.0,4846.702225949339,-2.220446049250313e-16,0.0,0.0,1345.6108540193604,0.0,0.0,0.0,7368.465612406199,-2.220446049250313e-16,0.0,0.0,5119.197640990023,0.0,0.0,1915.1097316221292,64555.516752860334,0.0,6455.5516752842705
799.0,22.0,0.46808510638297873,19007508.0,232004.93841484963,0.0,0.0,2476.7135453428127,0.0,0.0,0.0,8655.872233163884,-4.440892098500626e-16,0.0,0.0,6640.725796398437,-6.661338147750939e-16,0.0,0.0,13969.867962280463,-2.220446049250313e-16,0.0,0.0,8574.639621380704,8.881784197001252e-16,0.0,0.0,5557.721260929111,-2.220446049250313e-16,0.0,0.0,4846.702225949339,-2.220446049250313e-16,0.0,0.0,1345.6108540193604,0.0,0.0,0.0,7368.465612406199,-2.220446049250313e-16,0.0,0.0,5119.197640990023,0.0,0.0,1915.1097316221292,64555.516752860334,0.0,6455.5516752842705
800.0,24.0,0.5106382978723404,19007532.0,232005.44905314752,0.0,0.0,2476.7135453428127,0.0,0.0,0.0,8655.872233163884,-4.440892098500626e-16,0.0,0.0,6640.725796398437,-6.661338147750939e-16,0.0,0.0,13969.867962280463,-2.220446049250313e-16,0.0,0.0,8574.639621380704,8.881784197001252e-16,0.0,0.0,5557.721260929111,-2.220446049250313e-16,0.0,0.0,4846.702225949339,-2.220446049250313e-16,0.0,0.0,1345.6108540193604,0.0,0.0,0.0,7368.465612406199,-2.220446049250313e-16,0.0,0.0,5119.197640990023,0.0,0.0,1915.1097316221292,64555.516752860334,0.0,6455.5516752842705
801.0,26.0,0.5531914893617021,19007558.0,232006.00224463688,0.0,0.0,2476.7135453428127,0.0,0.0,0.0,8655.872233163884,-4.440892098500626e-16,0.0,0.0,6640.725796398437,-6.661338147750939e-16,0.0,0.0,13969.867962280463,-2.220446049250313e-16,0.0,0.0,8574.639621380704,8.881784197001252e-16,0.0,0.0,5557.721260929111,-2.220446049250313e-16,0.0,0.0,4846.702225949339,-2.220446049250313e-16,0.0,0.0,1345.6108540193604,0.0,0.0,0.0,7368.465612406199,-2.220446049250313e-16,0.0,0.0,5119.197640990023,0.0,0.0,1915.1097316221292,64555.516752860334,0.0,6455.5516752842705
802.0,28.0,0.5957446808510638,19007586.0,232006.59798931773,0.0,0.0,2476.7135453428127,0.0,0.0,0.0,8655.872233163884,-4.440892098500626e-16,0.0,0.0,6640.725796398437,-6.661338147750939e-16,0.0,0.0,13969.867962280463,-2.220446049250313e-16,0.0,0.0,8574.639621380704,8.881784197001252e-16,0.0,0.0,5557.721260929111,-2.220446049250313e-16,0.0,0.0,4846.702225949339,-2.220446049250313e-16,0.0,0.0,1345.6108540193604,0.0,0.0,0.0,7368.465612406199,-2.220446049250313e-16,0.0,0.0,5119.197640990023,0.0,0.0,1915.1097316221292,64555.516752860334,0.0,6455.5516752842705
803.0,30.0,0.6521739130434783,19007616.0,232007.25016323078,0.0,0.0,2476.7135453428127,0.0,0.0,0.0,8655.872233163884,-4.440892098500626e-16,0.0,0.0,6640.725796398437,-6.661338147750939e-16,0.0,0.0,13969.867962280463,-2.220446049250313e-16,0.0,0.0,8574.639621380704,8.881784197001252e-16,0.0,0.0,5557.721260929111,-2.220446049250313e-16,0.0,1.443518461139209,4848.145744410478,1.4435184611392087,0.0,0.0,1345.6108540193604,0.0,0.0,0.0,7368.465612406199,-2.220446049250313e-16,0.0,0.0,5119.197640990023,0.0,0.0,1915.1097316221292,64556.96027132148,0.14435184611392088,6455.696027130384
804.0,32.0,0.6956521739130435,19007648.0,232007.9458154047,0.0,0.0,2476.7135453428127,0.0,0.0,0.0,8655.872233163884,-4.440892098500626e-16,0.0,0.0,6640.725796398437,-6.661338147750939e-16,0.0,0.0,13969.867962280463,-2.220446049250313e-16,0.0,0.0,8574.639621380704,8.881784197001252e-16,0.0,0.0,5557.721260929111,-2.220446049250313e-16,0.0,0.0,4848.145744410478,-2.220446049250313e-16,0.0,0.0,1345.6108540193604,0.0,0.0,-1.3998520600783397,7367.065760346121,-1.39985206007834,0.0,0.0,5119.197640990023,0.0,0.0,1916.5095836822074,64555.5604192614,-0.13998520600783398,6455.556041924377
805.0,0.0,0.0,19007648.0,232007.9458154047,0.0,0.0,2476.7135453428127,0.0,0.0,0.0,8655.872233163884,-4.440892098500626e-16,0.0,0.0,6640.725796398437,-6.661338147750939e-16,0.0,0.0,13969.867962280463,-2.220446049250313e-16,0.0,0.0,8574.639621380704,8.881784197001252e-16,0.0,0.0,5557.721260929111,-2.220446049250313e-16,0.0,0.0,4848.145744410478,-2.220446049250313e-16,0.0,0.0,1345.6108540193604,0.0,0.0,0.0,7367.065760346121,-2.220446049250313e-16,0.0,0.0,5119.197640990023,0.0,0.0,1916.5095836822074,64555.5604192614,0.0,6455.556041924377
806.0,3.0,0.06666666666666667,19007651.0,232008.01248207138,0.0,0.0,2476.7135453428127,0.0,0.0,0.0,8655.872233163884,-4.440892098500626e-16,0.0,0.0,6640.725796398437,-6.661338147750939e-16,0.0,0.0,13969.867962280463,-2.220446049250313e-16,0.0,0.0,8574.639621380704,8.881784197001252e-16,0.0,0.0,5557.721260929111,-2.220446049250313e-16,0.0,0.0,4848.145744410478,-2.220446049250313e-16,0.0,0.0,1345.6108540193604,0.0,0.0,0.0,7367.065760346121,-2.220446049250313e-16,0.0,0.0,5119.197640990023,0.0,0.0,1916.5095836822074,64555.5604192614,0.0,6455.556041924377
807.0,8.0,0.17777777777777778,19007659.0,232008.19025984916,0.0,0.0,2476.7135453428127,0.0,0.0,0.0,8655.872233163884,-4.440892098500626e-16,0.0,0.0,6640.725796398437,-6.661338147750939e-16,0.0,0.0,13969.867962280463,-2.220446049250313e-16,0.0,2.0,8576.639621380704,2.000000000000001,0.0,0.0,5557.721260929111,-2.220446049250313e-16,0.0,0.0,4848.145744410478,-2.220446049250313e-16,0.0,0.0,1345.6108540193604,0.0,0.0,0.0,7367.065760346121,-2.220446049250313e-16,0.0002777777777777778,0.0,5119.197640990023,0.0,0.0002777777777777778,1916.5095836822074,64557.5604192614,0.2,6455.756041924376
808.0,14.0,0.3111111111111111,19007673.0,232008.50137096026,0.0,0.0,2476.7135453428127,0.0,0.0,0.0,8655.872233163884,-4.440892098500626e-16,0.0,0.0,6640.725796398437,-6.661338147750939e-16,0.0,0.0,13969.867962280463,-2.220446049250313e-16,0.0,0.0,8576.639621380704,8.881784197001252e-16,0.0,0.0,5557.721260929111,-2.220446049250313e-16,0.0,0.0,4848.145744410478,-2.220446049250313e-16,0.0,0.0,1345.6108540193604,0.0,0.0,0.0,7367.065760346121,-2.220446049250313e-16,0.0,0.0,5119.197640990023,0.0,0.0,1916.5095836822074,64557.5604192614,0.0,6455.756041924376
809.0,23.0,0.5111111111111111,19007696.0,232009.01248207138,0.0,0.0,2476.7135453428127,0.0,0.0,0.0,8655.872233163884,-4.440892098500626e-16,0.0,0.0,6640.725796398437,-6.661338147750939e-16,0.0,0.0,13969.867962280463,-2.220446049250313e-16,0.0,0.0,8576.639621380704,8.881784197001252e-16,0.0,0.0,5557.721260929111,-2.220446049250313e-16,0.0,0.0,4848.145744410478,-2.220446049250313e-16,0.0,0.0,1345.6108540193604,0.0,0.0,0.0,7367.065760346121,-2.220446049250313e-16,0.0,0.0,5119.197640990023,0.0,0.0,1916.5095836822074,64557.5604192614,0.0,6455.756041924376
810.0,32.0,0.7111111111111111,19007728.0,232009.72359318248,0.0,2.0,2478.7135453428127,2.0,0.0,2.0,8657.872233163884,1.9999999999999996,0.0,0.0,6640.725796398437,-6.661338147750939e-16,0.0,0.0,13969.867962280463,-2.220446049250313e-16,0.0,0.0,8576.639621380704,8.881784197001252e-16,0.0,0.0,5557.721260929111,-2.220446049250313e-16,0.0,0.0,4848.145744410478,-2.220446049250313e-16,0.0,0.0,1345.6108540193604,0.0,0.0,0.0,7367.065760346121,-2.220446049250313e-16,0.0,0.0,5119.197640990023,0.0,0.0,1916.5095836822074,64561.5604192614,0.4,6456.156041924376
811.0,0.0,0.0,19007728.0,232009.72359318248,0.0,0.0,2478.7135453428127,0.0,0.0,0.0,8657.872233163884,-4.440892098500626e-16,0.0,2.0,6642.725796398437,1.9999999999999993,0.0,0.0,13969.867962280463,-2.220446049250313e-16,0.0,0.0,8576.639621380704,8.881784197001252e-16,0.0,0.0,5557.721260929111,-2.220446049250313e-16,0.0,0.0,4848.145744410478,-2.220446049250313e-16,0.0,0.0,1345.6108540193604,0.0,0.0,0.0,7367.065760346121,-2.220446049250313e-16,0.0,0.0,5119.197640990023,0.0,0.0,1916.5095836822074,64563.5604192614,0.2,6456.356041924376
812.0,0.0,0.0,19007728.0,232009.72359318248,0.0,0.0,2478.7135453428127,0.0,0.0,2.0,8659.872233163884,1.9999999999999996,0.0,0.0,6642.725796398437,-6.661338147750939e-16,0.0,0.0,13969.867962280463,-2.220446049250313e-16,0.0,0.0,8576.639621380704,8.881784197001252e-16,0.0,0.4651095864719106,5558.186370515583,0.46510958647191036,0.0,0.0,4848.145744410478,-2.220446049250313e-16,0.0,0.0,1345.6108540193604,0.0,0.0,0.0,7367.065760346121,-2.220446049250313e-16,0.0,0.0,5119.197640990023,0.0,0.0,1916.5095836822074,64566.025528847866,0.24651095864719105,6456.602552883023
813.0,0.0,0.0,19007728.0,232009.72359318248,0.0,0.0,2478.7135453428127,0.0,0.0,0.9299868300694634,8660.802219993953,0.9299868300694629,0.0,0.0,6642.725796398437,-6.661338147750939e-16,0.0,0.0,13969.867962280463,-2.220446049250313e-16,0.0,0.0,8576.639621380704,8.881784197001252e-16,0.0,0.0,5558.186370515583,-2.220446049250313e-16,0.0,0.0,4848.145744410478,-2.220446049250313e-16,0.0,0.0,1345.6108540193604,0.0,0.0,0.0,7367.065760346121,-2.220446049250313e-16,0.0,0.0,5119.197640990023,0.0,0.0,1916.5095836822074,64566.95551567794,0.09299868300694633,6456.69555156603
814.0,0.0,0.0,19007728.0,232009.72359318248,0.0,0.0,2478.7135453428127,0.0,0.0,0.0,8660.802219993953,-4.440892098500626e-16,0.0,0.0,6642.725796398437,-6.661338147750939e-16,0.0,0.0,13969.867962280463,-2.220446049250313e-16,0.0,0.0,8576.639621380704,8.881784197001252e-16,0.0,0.0,5558.186370515583,-2.220446049250313e-16,0.0,0.0,4848.145744410478,-2.220446049250313e-16,0.0,0.0,1345.6108540193604,0.0,0.0,0.0,7367.065760346121,-2.220446049250313e-16,0.0,0.0,5119.197640990023,0.0,0.0,1916.5095836822074,64566.95551567794,0.0,6456.69555156603
815.0,0.0,0.0,19007728.0,232009.72359318248,0.0,0.0,2478.7135453428127,0.0,0.0,0.0,8660.802219993953,-4.440892098500626e-16,0.0,0.20551941777970098,6642.931315816217,0.20551941777970031,0.0,0.0,13969.867962280463,-2.220446049250313e-16,0.0,0.0,8576.639621380704,8.881784197001252e-16,0.0,0.0,5558.186370515583,-2.220446049250313e-16,0.0,0.0,4848.145744410478,-2.220446049250313e-16,0.0,0.0,1345.6108540193604,0.0,0.0,0.0,7367.065760346121,-2.220446049250313e-16,0.0,0.0,5119.197640990023,0.0,0.0,1916.5095836822074,64567.16103509572,0.0205519417779701,6456.716103507808
816.0,1.0,0.02040816326530612,19007729.0,232009.74400134574,0.0,0.0,2478.7135453428127,0.0,0.0002777777777777778,0.0,8660.802219993953,-4.440892098500626e-16,0.0,2.0,6644.931315816217,1.9999999999999993,0.0,0.0,13969.867962280463,-2.220446049250313e-16,0.0,0.0,8576.639621380704,8.881784197001252e-16,0.0,0.0,5558.186370515583,-2.220446049250313e-16,0.0,0.0,4848.145744410478,-2.220446049250313e-16,0.0,0.0,1345.6108540193604,0.0,0.0,0.0,7367.065760346121,-2.220446049250313e-16,0.0,0.0,5119.197640990023,0.0,0.0002777777777777778,1916.5095836822074,64569.16103509572,0.2,6456.916103507808
817.0,0.0,0.0,19007729.0,232009.74400134574,0.0,0.0,2478.7135453428127,0.0,0.0,0.0,8660.802219993953,-4.440892098500626e-16,0.0,0.0,6644.931315816217,-6.661338147750939e-16,0.0,0.0,13969.867962280463,-2.220446049250313e-16,0.0,0.0,8576.639621380704,8.881784197001252e-16,0.0,0.0,5558.186370515583,-2.220446049250313e-16,0.0,0.0,4848.145744410478,-2.220446049250313e-16,0.0,0.0,1345.6108540193604,0.0,0.0,2.0,7369.065760346121,1.9999999999999998,0.0,0.0,5119.197640990023,0.0,0.0,1916.5095836822074,64571.16103509572,0.2,6457.116103507808
818.0,0.0,0.0,19007729.0,232009.74400134574,0.0,0.0,2478.7135453428127,0.0,0.0,0.0,8660.802219993953,-4.440892098500626e-16,0.0,0.0,6644.931315816217,-6.661338147750939e-16,0.0,0.0,13969.867962280463,-2.220446049250313e-16,0.0,0.0,8576.639621380704,8.881784197001252e-16,0.0,0.0,5558.186370515583,-2.220446049250313e-16,0.0,0.0,4848.145744410478,-2.220446049250313e-16,0.0,0.0,1345.6108540193604,0.0,0.0,0.0,7369.065760346121,-2.220446049250313e-16,0.0,0.0,5119.197640990023,0.0,0.0,1916.5095836822074,64571.16103509572,0.0,6457.116103507808
819.0,0.0,0.0,19007729.0,232009.74400134574,0.0,0.0,2478.7135453428127,0.0,0.0,0.0,8660.802219993953,-4.440892098500626e-16,0.0,0.0,6644.931315816217,-6.661338147750939e-16,0.0,0.0,13969.867962280463,-2.220446049250313e-16,0.0,0.0,8576.639621380704,8.881784197001252e-16,0.0,0.0,5558.186370515583,-2.220446049250313e-16,0.0,0.0,4848.145744410478,-2.220446049250313e-16,0.0,0.0,1345.6108540193604,0.0,0.0,0.0,7369.065760346121,-2.220446049250313e-16,0.0,2.0,5121.197640990023,2.0,0.0,1916.5095836822074,64573.16103509572,0.2,6457.316103507807
820.0,0.0,0.0,19007729.0,232009.74400134574,0.0,0.0,2478.7135453428127,0.0,0.0,0.0,8660.802219993953,-4.440892098500626e-16,0.0,0.0,6644.931315816217,-6.661338147750939e-16,0.0,0.0,13969.867962280463,-2.220446049250313e-16,0.0,0.0,8576.639621380704,8.881784197001252e-16,0.0,0.0,5558.186370515583,-2.220446049250313e-16,0.0,0.0,4848.145744410478,-2.220446049250313e-16,0.0,0.0,1345.6108540193604,0.0,0.0,0.0,7369.065760346121,-2.220446049250313e-16,0.0,0.0,5121.197640990023,0.0,0.0,1916.5095836822074,64573.16103509572,0.0,6457.316103507807
821.0,0.0,0.0,19007729.0,232009.74400134574,0.0,0.0,2478.7135453428127,0.0,0.0,0.0,8660.802219993953,-4.440892098500626e-16,0.0,0.0,6644.931315816217,-6.661338147750939e-16,0.0,0.0,13969.867962280463,-2.220446049250313e-16,0.0,2.0,8578.639621380704,2.000000000000001,0.0,0.0,5558.186370515583,-2.220446049250313e-16,0.0,2.0,4850.145744410478,1.9999999999999998,0.0,0.0,1345.6108540193604,0.0,0.0,0.0,7369.065760346121,-2.220446049250313e-16,0.0,0.0,5121.197640990023,0.0,0.0,1916.5095836822074,64577.16103509572,0.4,6457.716103507807
822.0,1.0,0.02127659574468085,19007730.0,232009.76527794148,0.0,0.0,2478.7135453428127,0.0,0.0,0.0,8660.802219993953,-4.440892098500626e-16,0.0002777777777777778,0.0,6644.931315816217,-6.661338147750939e-16,0.0,0.0,13969.867962280463,-2.220446049250313e-16,0.0,0.0,8578.639621380704,8.881784197001252e-16,0.0,0.0,5558.186370515583,-2.220446049250313e-16,0.0,0.0,4850.145744410478,-2.220446049250313e-16,0.0,0.0,1345.6108540193604,0.0,0.0,0.0,7369.065760346121,-2.220446049250313e-16,0.0,0.0,5121.197640990023,0.0,0.0002777777777777778,1916.5095836822074,64577.16103509572,0.0,6457.716103507807
823.0,0.0,0.0,19007730.0,232009.76527794148,0.0,0.0,2478.7135453428127,0.0,0.0,0.0,8660.802219993953,-4.440892098500626e-16,0.0,0.0,6644.931315816217,-6.661338147750939e-16,0.0,0.0,13969.867962280463,-2.220446049250313e-16,0.0,0.0,8578.639621380704,8.881784197001252e-16,0.0,0.0,5558.186370515583,-2.220446049250313e-16,0.0,0.0,4850.145744410478,-2.220446049250313e-16,0.0,0.0,1345.6108540193604,0.0,0.0,0.0,7369.065760346121,-2.220446049250313e-16,0.0,0.0,5121.197640990023,0.0,0.0,1916.5095836822074,64577.16103509572,0.0,6457.716103507807
824.0,0.0,0.0,19007730.0,232009.76527794148,0.0,0.0,2478.7135453428127,0.0,0.0,0.0,8660.802219993953,-4.440892098500626e-16,0.0,0.0,6644.931315816217,-6.661338147750939e-16,0.0,0.0,13969.867962280463,-2.220446049250313e-16,0.0,0.0,8578.639621380704,8.881784197001252e-16,0.0,0.0,5558.186370515583,-2.220446049250313e-16,0.0,0.0,4850.145744410478,-2.220446049250313e-16,0.0,0.0,1345.6108540193604,0.0,0.0,0.0,7369.065760346121,-2.220446049250313e-16,0.0,0.0,5121.197640990023,0.0,0.0,1916.5095836822074,64577.16103509572,0.0,6457.716103507807
825.0,0.0,0.0,19007730.0,232009.76527794148,0.0,0.0,2478.7135453428127,0.0,0.0,0.0,8660.802219993953,-4.440892098500626e-16,0.0,0.0,6644.931315816217,-6.661338147750939e-16,0.0,0.0,13969.867962280463,-2.220446049250313e-16,0.0,0.0,8578.639621380704,8.881784197001252e-16,0.0,0.0,5558.186370515583,-2.220446049250313e-16,0.0,0.0,4850.145744410478,-2.220446049250313e-16,0.0,0.0,1345.6108540193604,0.0,0.0,0.0,7369.065760346121,-2.220446049250313e-16,0.0,0.0,5121.197640990023,0.0,0.0,1916.5095836822074,64577.16103509572,0.0,6457.716103507807
826.0,0.0,0.0,19007730.0,232009.76527794148,0.0,0.0,2478.7135453428127,0.0,0.0,0.0,8660.802219993953,-4.440892098500626e-16,0.0,0.0,6644.931315816217,-6.661338147750939e-16,0.0,1.9983082326042247,13971.866270513066,1.9983082326042245,0.0,0.0,8578.639621380704,8.881784197001252e-16,0.0,0.0,5558.186370515583,-2.220446049250313e-16,0.0,0.0,4850.145744410478,-2.220446049250313e-16,0.0,0.0,1345.6108540193604,0.0,0.0,0.0,7369.065760346121,-2.220446049250313e-16,0.0,0.0,5121.197640990023,0.0,0.0,1916.5095836822074,64579.15934332833,0.19983082326042248,6457.915934331068
827.0,0.0,0.0,19007730.0,232009.76527794148,0.0,0.0,2478.7135453428127,0.0,0.0,0.0,8660.802219993953,-4.440892098500626e-16,0.0,0.0,6644.931315816217,-6.661338147750939e-16,0.0,0.0,13971.866270513066,-2.220446049250313e-16,0.0,0.0,8578.639621380704,8.881784197001252e-16,0.0,0.0,5558.186370515583,-2.220446049250313e-16,0.0,0.0,4850.145744410478,-2.220446049250313e-16,0.0,0.0,1345.6108540193604,0.0,0.0,0.0,7369.065760346121,-2.220446049250313e-16,0.0,0.0,5121.197640990023,0.0,0.0,1916.5095836822074,64579.15934332833,0.0,6457.915934331068
828.0,0.0,0.0,19007730.0,232009.76527794148,0.0,0.0,2478.7135453428127,0.0,0.0,0.0,8660.802219993953,-4.440892098500626e-16,0.0,0.0,6644.931315816217,-6.661338147750939e-16,0.0,0.0,13971.866270513066,-2.220446049250313e-16,0.0,0.0,8578.639621380704,8.881784197001252e-16,0.0,0.0,5558.186370515583,-2.220446049250313e-16,0.0,0.0,4850.145744410478,-2.220446049250313e-16,0.0,0.0,1345.6108540193604,0.0,0.0,0.0,7369.065760346121,-2.220446049250313e-16,0.0,0.0,5121.197640990023,0.0,0.0,1916.5095836822074,64579.15934332833,0.0,6457.915934331068
829.0,1.0,0.021739130434782608,19007731.0,232009.7870170719,0.0,0.0,2478.7135453428127,0.0,0.0,0.0,8660.802219993953,-4.440892098500626e-16,0.0,0.0,6644.931315816217,-6.661338147750939e-16,0.0,0.0,13971.866270513066,-2.220446049250313e-16,0.0,0.0,8578.639621380704,8.881784197001252e-16,0.0,0.0,5558.186370515583,-2.220446049250313e-16,0.0,0.0,4850.145744410478,-2.220446049250313e-16,0.0,0.0,1345.6108540193604,0.0,0.0,0.0,7369.065760346121,-2.220446049250313e-16,0.0,0.0,5121.197640990023,0.0,0.0,1916.5095836822074,64579.15934332833,0.0,6457.915934331068
830.0,0.0,0.0,19007731.0,232009.7870170719,0.0,0.0,2478.7135453428127,0.0,0.0,0.0,8660.802219993953,-4.440892098500626e-16,0.0,0.0,6644.931315816217,-6.661338147750939e-16,0.0,1.9714769660590454,13973.837747479125,1.9714769660590452,0.0,0.0,8578.639621380704,8.881784197001252e-16,0.0,0.0,5558.186370515583,-2.220446049250313e-16,0.0,0.0,4850.145744410478,-2.220446049250313e-16,0.0,0.0,1345.6108540193604,0.0,0.0,0.0,7369.065760346121,-2.220446049250313e-16,0.0,0.0,5121.197640990023,0.0,0.0,1916.5095836822074,64581.13082029438,0.19714769660590453,6458.113082027673
831.0,0.0,0.0,19007731.0,232009.7870170719,0.0,0.0,2478.7135453428127,0.0,0.0,0.0,8660.802219993953,-4.440892098500626e-16,0.0,0.0,6644.931315816217,-6.661338147750939e-16,0.0,0.0,13973.837747479125,-2.220446049250313e-16,0.0,0.0,8578.639621380704,8.881784197001252e-16,0.0,0.0,5558.186370515583,-2.220446049250313e-16,0.0,0.0,4850.145744410478,-2.220446049250313e-16,0.0,0.0,1345.6108540193604,0.0,0.0,0.0,7369.065760346121,-2.220446049250313e-16,0.0,0.0,5121.197640990023,0.0,0.0,1916.5095836822074,64581.13082029438,0.0,6458.113082027673
832.0,0.0,0.0,19007731.0,232009.7870170719,0.0,0.0,2478.7135453428127,0.0,0.0,0.0,8660.802219993953,-4.440892098500626e-16,0.0,0.0,6644.931315816217,-6.661338147750939e-16,0.0,2.0,13975.837747479125,1.9999999999999998,0.0,0.0,8578.639621380704,8.881784197001252e-16,0.0,0.0,5558.186370515583,-2.220446049250313e-16,0.0,0.0,4850.145744410478,-2.220446049250313e-16,0.0,0.0,1345.6108540193604,0.0,0.0,0.0,7369.065760346121,-2.220446049250313e-16,0.0,0.0,5121.197640990023,0.0,0.0,1916.5095836822074,64583.13082029438,0.2,6458.313082027673
833.0,0.0,0.0,19007731.0,232009.7870170719,0.0,0.0,2478.7135453428127,0.0,0.0,0.0,8660.802219993953,-4.440892098500626e-16,0.0,0.0,6644.931315816217,-6.661338147750939e-16,0.0,0.0,13975.837747479125,-2.220446049250313e-16,0.0,0.0,8578.639621380704,8.881784197001252e-16,0.0,0.0,5558.186370515583,-2.220446049250313e-16,0.0,0.0,4850.145744410478,-2.220446049250313e-16,0.0,0.0,1345.6108540193604,0.0,0.0,0.0,7369.065760346121,-2.220446049250313e-16,0.0,0.0,5121.197640990023,0.0,0.0,1916.5095836822074,64583.13082029438,0.0,6458.313082027673
834.0,0.0,0.0,19007731.0,232009.7870170719,0.0,0.0,2478.7135453428127,0.0,0.0,0.0,8660.802219993953,-4.440892098500626e-16,0.0,0.0,6644.931315816217,-6.661338147750939e-16,0.0,0.0,13975.837747479125,-2.220446049250313e-16,0.0,0.0,8578.639621380704,8.881784197001252e-16,0.0,0.0,5558.186370515583,-2.220446049250313e-16,0.0,0.0,4850.145744410478,-2.220446049250313e-16,0.0,0.0,1345.6108540193604,0.0,0.0,1.9776016964894376,7371.043362042611,1.9776016964894374,0.0,0.0,5121.197640990023,0.0,0.0,1916.5095836822074,64585.108421990866,0.19776016964894377,6458.510842197322
835.0,1.0,0.022727272727272728,19007732.0,232009.80974434465,0.0,0.0,2478.7135453428127,0.0,0.0,0.0,8660.802219993953,-4.440892098500626e-16,0.0,0.0,6644.931315816217,-6.661338147750939e-16,0.0,2.0,13977.837747479125,1.9999999999999998,0.0,0.0,8578.639621380704,8.881784197001252e-16,0.0,1.0031462108961993,5559.189516726479,1.003146210896199,0.0,0.0,4850.145744410478,-2.220446049250313e-16,0.0,0.0,1345.6108540193604,0.0,0.0,0.0,7371.043362042611,-2.220446049250313e-16,0.0,0.0,5121.197640990023,0.0,0.0,1916.5095836822074,64588.11156820177,0.3003146210896199,6458.811156818411
836.0,3.0,0.06818181818181818,19007735.0,232009.87792616282,0.0,0.0,2478.7135453428127,0.0,0.0,0.0,8660.802219993953,-4.440892098500626e-16,0.0,0.0,6644.931315816217,-6.661338147750939e-16,0.0,0.0,13977.837747479125,-2.220446049250313e-16,0.0,2.0,8580.639621380704,2.000000000000001,0.0,0.0,5559.189516726479,-2.220446049250313e-16,0.0,0.0,4850.145744410478,-2.220446049250313e-16,0.0,0.0,1345.6108540193604,0.0,0.0,2.0,7373.043362042611,1.9999999999999998,0.0,1.974390192671642,5123.172031182694,1.974390192671642,0.0,1916.5095836822074,64594.08595839444,0.5974390192671641,6459.408595837678
837.0,2.0,0.045454545454545456,19007737.0,232009.92338070826,0.0,0.0,2478.7135453428127,0.0,0.0,0.0,8660.802219993953,-4.440892098500626e-16,0.0,0.0,6644.931315816217,-6.661338147750939e-16,0.0,0.0,13977.837747479125,-2.220446049250313e-16,0.0,0.0,8580.639621380704,8.881784197001252e-16,0.0,0.0,5559.189516726479,-2.220446049250313e-16,0.0,0.0,4850.145744410478,-2.220446049250313e-16,0.0,2.0,1347.6108540193604,2.0,0.0,0.0,7373.043362042611,-2.220446049250313e-16,0.0,0.0,5123.172031182694,0.0,0.0,1916.5095836822074,64596.08595839444,0.2,6459.608595837678
838.0,3.0,0.06818181818181818,19007740.0,232009.99156252644,0.0,0.0,2478.7135453428127,0.0,0.0,0.0,8660.802219993953,-4.440892098500626e-16,0.0,0.0,6644.931315816217,-6.661338147750939e-16,0.0,0.0,13977.837747479125,-2.220446049250313e-16,0.0,0.0,8580.639621380704,8.881784197001252e-16,0.0,0.0,5559.189516726479,-2.220446049250313e-16,0.0,0.0,4850.145744410478,-2.220446049250313e-16,0.0,0.0,1347.6108540193604,0.0,0.0,0.0,7373.043362042611,-2.220446049250313e-16,0.0,2.0,5125.172031182694,2.0,0.0,1916.5095836822074,64598.08595839444,0.2,6459.808595837678
839.0,1.0,0.022727272727272728,19007741.0,232010.01428979918,0.0,0.0,2478.7135453428127,0.0,0.0,0.0,8660.802219993953,-4.440892098500626e-16,0.0,0.0,6644.931315816217,-6.661338147750939e-16,0.0,0.0,13977.837747479125,-2.220446049250313e-16,0.0,0.0,8580.639621380704,8.881784197001252e-16,0.0,0.0,5559.189516726479,-2.220446049250313e-16,0.0,0.0,4850.145744410478,-2.220446049250313e-16,0.0,0.0,1347.6108540193604,0.0,0.0,0.0,7373.043362042611,-2.220446049250313e-16,0.0,0.0,5125.172031182694,0.0,0.0,1916.5095836822074,64598.08595839444,0.0,6459.808595837678
840.0,0.0,0.0,19007741.0,232010.01428979918,0.0,0.0,2478.7135453428127,0.0,0.0,0.0,8660.802219993953,-4.440892098500626e-16,0.0,0.0,6644.931315816217,-6.661338147750939e-16,0.0,0.0,13977.837747479125,-2.220446049250313e-16,0.0,0.0,8580.639621380704,8.881784197001252e-16,0.0,0.0,5559.189516726479,-2.220446049250313e-16,0.0,0.0,4850.145744410478,-2.220446049250313e-16,0.0,0.0,1347.6108540193604,0.0,0.0,0.0,7373.043362042611,-2.220446049250313e-16,0.0,0.0,5125.172031182694,0.0,0.0,1916.5095836822074,64598.08595839444,0.0,6459.808595837678
841.0,0.0,0.0,19007741.0,232010.01428979918,0.0,0.0,2478.7135453428127,0.0,0.0,0.0,8660.802219993953,-4.440892098500626e-16,0.0,0.0,6644.931315816217,-6.661338147750939e-16,0.0,0.0,13977.837747479125,-2.220446049250313e-16,0.0,0.0,8580.639621380704,8.881784197001252e-16,0.0,0.0,5559.189516726479,-2.220446049250313e-16,0.0,0.0,4850.145744410478,-2.220446049250313e-16,0.0,0.0,1347.6108540193604,0.0,0.0,0.0,7373.043362042611,-2.220446049250313e-16,0.0,0.0,5125.172031182694,0.0,0.0,1916.5095836822074,64598.08595839444,0.0,6459.808595837678
842.0,0.0,0.0,19007741.0,232010.01428979918,0.0,0.0,2478.7135453428127,0.0,0.0,1.893784116733794,8662.696004110687,1.8937841167337937,0.0,0.0,6644.931315816217,-6.661338147750939e-16,0.0,2.0,13979.837747479125,1.9999999999999998,0.0,0.0,8580.639621380704,8.881784197001252e-16,0.0,2.0,5561.189516726479,1.9999999999999998,0.0,0.0,4850.145744410478,-2.220446049250313e-16,0.0,0.0,1347.6108540193604,0.0,0.0,0.0,7373.043362042611,-2.220446049250313e-16,0.0,0.0,5125.172031182694,0.0,0.0,1916.5095836822074,64603.979742511176,0.5893784116733795,6460.397974249351
843.0,0.0,0.0,19007741.0,232010.01428979918,0.0,0.0,2478.7135453428127,0.0,0.0,2.0,8664.696004110687,1.9999999999999996,0.0,0.0,6644.931315816217,-6.661338147750939e-16,0.0,0.0,13979.837747479125,-2.220446049250313e-16,0.0,0.0,8580.639621380704,8.881784197001252e-16,0.0,0.0,5561.189516726479,-2.220446049250313e-16,0.0,0.0,4850.145744410478,-2.220446049250313e-16,0.0,0.0,1347.6108540193604,0.0,0.0,0.0,7373.043362042611,-2.220446049250313e-16,0.0,0.0,5125.172031182694,0.0,0.0,1916.5095836822074,64605.979742511176,0.2,6460.597974249351
844.0,0.0,0.0,19007741.0,232010.01428979918,0.0,0.0,2478.7135453428127,0.0,0.0,2.0,8666.696004110687,1.9999999999999996,0.0,0.0,6644.931315816217,-6.661338147750939e-16,0.0,0.0,13979.837747479125,-2.220446049250313e-16,0.0,0.0,8580.639621380704,8.881784197001252e-16,0.0,0.0,5561.189516726479,-2.220446049250313e-16,0.0,0.0,4850.145744410478,-2.220446049250313e-16,0.0,0.0,1347.6108540193604,0.0,0.0,0.0,7373.043362042611,-2.220446049250313e-16,0.0,0.0,5125.172031182694,0.0,0.0,1916.5095836822074,64607.979742511176,0.2,6460.797974249351
845.0,0.0,0.0,19007741.0,232010.01428979918,0.0,2.0,2480.7135453428127,2.0,0.0,0.0,8666.696004110687,-4.440892098500626e-16,0.0,1.715916999360025,6646.647232815577,1.7159169993600243,0.0,0.0,13979.837747479125,-2.220446049250313e-16,0.0,0.0,8580.639621380704,8.881784197001252e-16,0.0,0.0,5561.189516726479,-2.220446049250313e-16,0.0,0.0,4850.145744410478,-2.220446049250313e-16,0.0,0.0,1347.6108540193604,0.0,0.0,0.0,7373.043362042611,-2.220446049250313e-16,0.0,0.0,5125.172031182694,0.0,0.0,1916.5095836822074,64611.69565951053,0.3715916999360025,6461.169565949287
846.0,0.0,0.0,19007741.0,232010.01428979918,0.0,0.0,2480.7135453428127,0.0,0.0,0.0,8666.696004110687,-4.440892098500626e-16,0.0,0.0,6646.647232815577,-6.661338147750939e-16,0.0,0.0,13979.837747479125,-2.220446049250313e-16,0.0,0.0,8580.639621380704,8.881784197001252e-16,0.0,0.0,5561.189516726479,-2.220446049250313e-16,0.0,0.0,4850.145744410478,-2.220446049250313e-16,0.0,0.0,1347.6108540193604,0.0,0.0,0.0,7373.043362042611,-2.220446049250313e-16,0.0,0.0,5125.172031182694,0.0,0.0,1916.5095836822074,64611.69565951053,0.0,6461.169565949287
847.0,0.0,0.0,19007741.0,232010.01428979918,0.0,0.0,2480.7135453428127,0.0,0.0,0.0,8666.696004110687,-4.440892098500626e-16,0.0,0.0,6646.647232815577,-6.661338147750939e-16,0.0,0.0,13979.837747479125,-2.220446049250313e-16,0.0,0.0,8580.639621380704,8.881784197001252e-16,0.0,0.0,5561.189516726479,-2.220446049250313e-16,0.0,0.0,4850.145744410478,-2.220446049250313e-16,0.0,0.0,1347.6108540193604,0.0,0.0,0.0,7373.043362042611,-2.220446049250313e-16,0.0,0.0,5125.172031182694,0.0,0.0,1916.5095836822074,64611.69565951053,0.0,6461.169565949287
848.0,0.0,0.0,19007741.0,232010.01428979918,0.0,0.0,2480.7135453428127,0.0,0.0,0.0,8666.696004110687,-4.440892098500626e-16,0.0,0.0,6646.647232815577,-6.661338147750939e-16,0.0,0.0,13979.837747479125,-2.220446049250313e-16,0.0,0.0,8580.639621380704,8.881784197001252e-16,0.0,0.0,5561.189516726479,-2.220446049250313e-16,0.0,0.0,4850.145744410478,-2.220446049250313e-16,0.0,0.0,1347.6108540193604,0.0,0.0,0.0,7373.043362042611,-2.220446049250313e-16,0.0,0.0,5125.172031182694,0.0,0.0,1916.5095836822074,64611.69565951053,0.0,6461.169565949287
849.0,0.0,0.0,19007741.0,232010.01428979918,0.0,0.0,2480.7135453428127,0.0,0.0,0.0,8666.696004110687,-4.440892098500626e-16,0.0,2.0,6648.647232815577,1.9999999999999993,0.0,0.0,13979.837747479125,-2.220446049250313e-16,0.0,2.0,8582.639621380704,2.000000000000001,0.0,0.0,5561.189516726479,-2.220446049250313e-16,0.0,0.0,4850.145744410478,-2.220446049250313e-16,0.0,0.0,1347.6108540193604,0.0,0.0,0.0,7373.043362042611,-2.220446049250313e-16,0.0,0.0,5125.172031182694,0.0,0.0,1916.5095836822074,64615.69565951053,0.4,6461.569565949287
850.0,1.0,0.02127659574468085,19007742.0,232010.03556639492,0.0,0.0,2480.7135453428127,0.0,0.0,0.0,8666.696004110687,-4.440892098500626e-16,0.0,0.0,6648.647232815577,-6.661338147750939e-16,0.0,1.1207467649692608,13980.958494244094,1.1207467649692606,0.0,0.0,8582.639621380704,8.881784197001252e-16,0.0,0.0,5561.189516726479,-2.220446049250313e-16,0.0,0.0,4850.145744410478,-2.220446049250313e-16,0.0,0.0,1347.6108540193604,0.0,0.0,0.0,7373.043362042611,-2.220446049250313e-16,0.0,0.0,5125.172031182694,0.0,0.0,1916.5095836822074,64616.816406275495,0.11207467649692608,6461.681640625784
851.0,3.0,0.06382978723404255,19007745.0,232010.09939618214,0.0,0.0,2480.7135453428127,0.0,0.0,0.0,8666.696004110687,-4.440892098500626e-16,0.0,0.0,6648.647232815577,-6.661338147750939e-16,0.0,0.0,13980.958494244094,-2.220446049250313e-16,0.0,0.0,8582.639621380704,8.881784197001252e-16,0.0,0.0,5561.189516726479,-2.220446049250313e-16,0.0,0.0,4850.145744410478,-2.220446049250313e-16,0.0,0.0,1347.6108540193604,0.0,0.0,0.0,7373.043362042611,-2.220446049250313e-16,0.0,0.0,5125.172031182694,0.0,0.0,1916.5095836822074,64616.816406275495,0.0,6461.681640625784
852.0,5.0,0.10869565217391304,19007750.0,232010.2080918343,0.0,0.0,2480.7135453428127,0.0,0.0,0.0,8666.696004110687,-4.440892098500626e-16,0.0,0.0,6648.647232815577,-6.661338147750939e-16,0.0,0.1579118131234148,13981.116406057217,0.15791181312341457,0.0,2.0,8584.639621380704,2.000000000000001,0.0,0.0,5561.189516726479,-2.220446049250313e-16,0.0,0.0,4850.145744410478,-2.220446049250313e-16,0.0,0.0,1347.6108540193604,0.0,0.0,2.0,7375.043362042611,1.9999999999999998,0.0,0.0,5125.172031182694,0.0,0.0,1916.5095836822074,64620.974318088614,0.41579118131234144,6462.097431807097
853.0,7.0,0.15555555555555556,19007757.0,232010.36364738987,0.0,0.0,2480.7135453428127,0.0,0.0,0.0,8666.696004110687,-4.440892098500626e-16,0.0,0.0,6648.647232815577,-6.661338147750939e-16,0.0,0.0,13981.116406057217,-2.220446049250313e-16,0.0,0.0,8584.639621380704,8.881784197001252e-16,0.0,0.0,5561.189516726479,-2.220446049250313e-16,0.0,-1.022506301764494,4849.123238108714,-1.0225063017644942,0.0,0.0,1347.6108540193604,0.0,0.0,0.0,7375.043362042611,-2.220446049250313e-16,0.0,0.0,5125.172031182694,0.0,0.0,1917.532089983972,64619.95181178686,-0.10225063017644939,6461.995181176921
854.0,9.0,0.2,19007766.0,232010.56364738988,0.0,0.0,2480.7135453428127,0.0,0.0,0.0,8666.696004110687,-4.440892098500626e-16,0.0,0.0,6648.647232815577,-6.661338147750939e-16,0.0,2.0,13983.116406057217,1.9999999999999998,0.0,0.0,8584.639621380704,8.881784197001252e-16,0.0,0.0,5561.189516726479,-2.220446049250313e-16,0.0,0.0,4849.123238108714,-2.220446049250313e-16,0.0,0.0,1347.6108540193604,0.0,0.0,0.0,7375.043362042611,-2.220446049250313e-16,0.0,0.0,5125.172031182694,0.0,0.0,1917.532089983972,64621.95181178686,0.2,6462.19518117692
855.0,6.0,0.13333333333333333,19007772.0,232010.6969807232,0.0,0.0,2480.7135453428127,0.0,0.0,0.0,8666.696004110687,-4.440892098500626e-16,0.0,0.0,6648.647232815577,-6.661338147750939e-16,0.0,0.0,13983.116406057217,-2.220446049250313e-16,0.0,0.0,8584.639621380704,8.881784197001252e-16,0.0,0.0,5561.189516726479,-2.220446049250313e-16,0.0,0.0,4849.123238108714,-2.220446049250313e-16,0.0,0.0,1347.6108540193604,0.0,0.0,0.0,7375.043362042611,-2.220446049250313e-16,0.0,0.0,5125.172031182694,0.0,0.0,1917.532089983972,64621.95181178686,0.0,6462.19518117692
856.0,7.0,0.15555555555555556,19007779.0,232010.85253627878,0.0,0.0,2480.7135453428127,0.0,0.0,0.0,8666.696004110687,-4.440892098500626e-16,0.0,0.0,6648.647232815577,-6.661338147750939e-16,0.0,0.0,13983.116406057217,-2.220446049250313e-16,0.0,0.0,8584.639621380704,8.881784197001252e-16,0.0,0.0,5561.189516726479,-2.220446049250313e-16,0.0,0.0,4849.123238108714,-2.220446049250313e-16,0.0,0.0,1347.6108540193604,0.0,0.0,0.0,7375.043362042611,-2.220446049250313e-16,0.0,0.0,5125.172031182694,0.0,0.0,1917.532089983972,64621.95181178686,0.0,6462.19518117692
857.0,8.0,0.18181818181818182,19007787.0,232011.0343544606,0.0,0.0,2480.7135453428127,0.0,0.0,0.0,8666.696004110687,-4.440892098500626e-16,0.0,0.0,6648.647232815577,-6.661338147750939e-16,0.0,0.0,13983.116406057217,-2.220446049250313e-16,0.0,0.0,8584.639621380704,8.881784197001252e-16,0.0,0.0,5561.189516726479,-2.220446049250313e-16,0.0,0.0,4849.123238108714,-2.220446049250313e-16,0.0,0.0,1347.6108540193604,0.0,0.0,0.0,7375.043362042611,-2.220446049250313e-16,0.0,0.0,5125.172031182694,0.0,0.0,1917.532089983972,64621.95181178686,0.0,6462.19518117692
858.0,9.0,0.20454545454545456,19007796.0,232011.23889991516,0.0,0.0,2480.7135453428127,0.0,0.0,0.0,8666.696004110687,-4.440892098500626e-16,0.0,0.0,6648.647232815577,-6.661338147750939e-16,0.0,0.0,13983.116406057217,-2.220446049250313e-16,0.0,0.0,8584.639621380704,8.881784197001252e-16,0.0,0.0,5561.189516726479,-2.220446049250313e-16,0.0,0.0,4849.123238108714,-2.220446049250313e-16,0.0,0.0,1347.6108540193604,0.0,0.0,0.0,7375.043362042611,-2.220446049250313e-16,0.0,0.0,5125.172031182694,0.0,0.0,1917.532089983972,64621.95181178686,0.0,6462.19518117692
859.0,10.0,0.22727272727272727,19007806.0,232011.46617264242,0.0,0.0,2480.7135453428127,0.0,0.0,0.0,8666.696004110687,-4.440892098500626e-16,0.0,0.0,6648.647232815577,-6.661338147750939e-16,0.0,0.0,13983.116406057217,-2.220446049250313e-16,0.0,0.0,8584.639621380704,8.881784197001252e-16,0.0,0.0,5561.189516726479,-2.220446049250313e-16,0.0,0.0,4849.123238108714,-2.220446049250313e-16,0.0,0.0,1347.6108540193604,0.0,0.0,0.0,7375.043362042611,-2.220446049250313e-16,0.0,0.0,5125.172031182694,0.0,0.0,1917.532089983972,64621.95181178686,0.0,6462.19518117692
860.0,0.0,0.0,19007806.0,232011.46617264242,0.0,0.0,2480.7135453428127,0.0,0.0,0.0,8666.696004110687,-4.440892098500626e-16,0.0,0.0,6648.647232815577,-6.661338147750939e-16,0.0,0.3680732833429631,13983.484479340561,0.36807328334296285,0.0,0.0,8584.639621380704,8.881784197001252e-16,0.0,0.0,5561.189516726479,-2.220446049250313e-16,0.0,0.0,4849.123238108714,-2.220446049250313e-16,0.0,0.0,1347.6108540193604,0.0,0.0,0.0,7375.043362042611,-2.220446049250313e-16,0.0,0.0,5125.172031182694,0.0,0.0,1917.532089983972,64622.3198850702,0.036807328334296306,6462.231988505255
861.0,0.0,0.0,19007806.0,232011.46617264242,0.0,0.0,2480.7135453428127,0.0,0.0,0.0,8666.696004110687,-4.440892098500626e-16,0.0,0.0,6648.647232815577,-6.661338147750939e-16,0.0,0.0,13983.484479340561,-2.220446049250313e-16,0.0,0.0,8584.639621380704,8.881784197001252e-16,0.0,0.0,5561.189516726479,-2.220446049250313e-16,0.0,0.0,4849.123238108714,-2.220446049250313e-16,0.0,0.0,1347.6108540193604,0.0,0.0,0.0,7375.043362042611,-2.220446049250313e-16,0.0,0.0,5125.172031182694,0.0,0.0,1917.532089983972,64622.3198850702,0.0,6462.231988505255
862.0,1.0,0.023809523809523808,19007807.0,232011.48998216624,0.0,0.0,2480.7135453428127,0.0,0.0,2.0,8668.696004110687,1.9999999999999996,0.0,0.0,6648.647232815577,-6.661338147750939e-16,0.0,0.0,13983.484479340561,-2.220446049250313e-16,0.0002777777777777778,0.0,8584.639621380704,8.881784197001252e-16,0.0,0.0,5561.189516726479,-2.220446049250313e-16,0.0,1.906253417571626,4851.029491526286,1.9062534175716257,0.0,0.0,1347.6108540193604,0.0,0.0,0.0,7375.043362042611,-2.220446049250313e-16,0.0,0.0,5125.172031182694,0.0,0.0002777777777777778,1917.532089983972,64626.22613848777,0.39062534175716257,6462.622613847012
863.0,0.0,0.0,19007807.0,232011.48998216624,0.0,0.0,2480.7135453428127,0.0,0.0,0.0,8668.696004110687,-4.440892098500626e-16,0.0,0.0,6648.647232815577,-6.661338147750939e-16,0.0,0.0,13983.484479340561,-2.220446049250313e-16,0.0,0.0,8584.639621380704,8.881784197001252e-16,0.0,0.0,5561.189516726479,-2.220446049250313e-16,0.0,0.0,4851.029491526286,-2.220446049250313e-16,0.0,0.0,1347.6108540193604,0.0,0.0,0.0,7375.043362042611,-2.220446049250313e-16,0.0,0.0,5125.172031182694,0.0,0.0,1917.532089983972,64626.22613848777,0.0,6462.622613847012
864.0,0.0,0.0,19007807.0,232011.48998216624,0.0,0.0,2480.7135453428127,0.0,0.0,0.0,8668.696004110687,-4.440892098500626e-16,0.0,0.0,6648.647232815577,-6.661338147750939e-16,0.0,0.0,13983.484479340561,-2.220446049250313e-16,0.0,0.0,8584.639621380704,8.881784197001252e-16,0.0,0.0,5561.189516726479,-2.220446049250313e-16,0.0,0.0,4851.029491526286,-2.220446049250313e-16,0.0,0.0,1347.6108540193604,0.0,0.0,1.7220161207670817,7376.765378163378,1.7220161207670814,0.0,0.0,5125.172031182694,0.0,0.0,1917.532089983972,64627.94815460854,0.17220161207670817,6462.794815459089
865.0,0.0,0.0,19007807.0,232011.48998216624,0.0,0.0,2480.7135453428127,0.0,0.0,0.0,8668.696004110687,-4.440892098500626e-16,0.0,0.0,6648.647232815577,-6.661338147750939e-16,0.0,0.0,13983.484479340561,-2.220446049250313e-16,0.0,0.0,8584.639621380704,8.881784197001252e-16,0.0,0.0,5561.189516726479,-2.220446049250313e-16,0.0,0.0,4851.029491526286,-2.220446049250313e-16,0.0,0.0,1347.6108540193604,0.0,0.0,0.0,7376.765378163378,-2.220446049250313e-16,0.0,0.0,5125.172031182694,0.0,0.0,1917.532089983972,64627.94815460854,0.0,6462.794815459089
866.0,0.0,0.0,19007807.0,232011.48998216624,0.0,0.0,2480.7135453428127,0.0,0.0,0.0,8668.696004110687,-4.440892098500626e-16,0.0,0.0,6648.647232815577,-6.661338147750939e-16,0.0,0.0,13983.484479340561,-2.220446049250313e-16,0.0,0.0,8584.639621380704,8.881784197001252e-16,0.0,0.0,5561.189516726479,-2.220446049250313e-16,0.0,0.0,4851.029491526286,-2.220446049250313e-16,0.0,0.0,1347.6108540193604,0.0,0.0,0.0,7376.765378163378,-2.220446049250313e-16,0.0,1.7114650565476677,5126.883496239241,1.7114650565476677,0.0,1917.532089983972,64629.659619665086,0.17114650565476677,6462.965961964744
867.0,0.0,0.0,19007807.0,232011.48998216624,0.0,0.0,2480.7135453428127,0.0,0.0,0.0,8668.696004110687,-4.440892098500626e-16,0.0,0.0,6648.647232815577,-6.661338147750939e-16,0.0,0.0,13983.484479340561,-2.220446049250313e-16,0.0,2.0,8586.639621380704,2.000000000000001,0.0,0.0,5561.189516726479,-2.220446049250313e-16,0.0,0.28894166386730535,4851.318433190153,0.28894166386730513,0.0,0.0,1347.6108540193604,0.0,0.0,0.0,7376.765378163378,-2.220446049250313e-16,0.0,0.0,5126.883496239241,0.0,0.0,1917.532089983972,64631.94856132895,0.22889416638673055,6463.19485613113
868.0,0.0,0.0,19007807.0,232011.48998216624,0.0,0.0,2480.7135453428127,0.0,0.0,0.0,8668.696004110687,-4.440892098500626e-16,0.0,0.0,6648.647232815577,-6.661338147750939e-16,0.0,0.0,13983.484479340561,-2.220446049250313e-16,0.0,0.0,8586.639621380704,8.881784197001252e-16,0.0,0.0,5561.189516726479,-2.220446049250313e-16,0.0,0.0,4851.318433190153,-2.220446049250313e-16,0.0,0.0,1347.6108540193604,0.0,0.0,0.0,7376.765378163378,-2.220446049250313e-16,0.0,0.0,5126.883496239241,0.0,0.0,1917.532089983972,64631.94856132895,0.0,6463.19485613113
869.0,1.0,0.025,19007808.0,232011.51498216623,0.0,0.0,2480.7135453428127,0.0,0.0,0.0,8668.696004110687,-4.440892098500626e-16,0.0,0.0,6648.647232815577,-6.661338147750939e-16,0.0,0.0,13983.484479340561,-2.220446049250313e-16,0.0,0.0,8586.639621380704,8.881784197001252e-16,0.0,0.0,5561.189516726479,-2.220446049250313e-16,0.0,0.0,4851.318433190153,-2.220446049250313e-16,0.0,0.0,1347.6108540193604,0.0,0.0,0.0,7376.765378163378,-2.220446049250313e-16,0.0,0.0,5126.883496239241,0.0,0.0,1917.532089983972,64631.94856132895,0.0,6463.19485613113
870.0,2.0,0.05,19007810.0,232011.56498216622,0.0,0.0,2480.7135453428127,0.0,0.0,0.0,8668.696004110687,-4.440892098500626e-16,0.0,0.0,6648.647232815577,-6.661338147750939e-16,0.0,0.0,13983.484479340561,-2.220446049250313e-16,0.0,0.0,8586.639621380704,8.881784197001252e-16,0.0,0.0,5561.189516726479,-2.220446049250313e-16,0.0,0.0,4851.318433190153,-2.220446049250313e-16,0.0,0.0,1347.6108540193604,0.0,0.0,0.0,7376.765378163378,-2.220446049250313e-16,0.0,0.0,5126.883496239241,0.0,0.0,1917.532089983972,64631.94856132895,0.0,6463.19485613113
871.0,3.0,0.06382978723404255,19007813.0,232011.62881195344,0.0,0.0,2480.7135453428127,0.0,0.0,0.0,8668.696004110687,-4.440892098500626e-16,0.0,0.0,6648.647232815577,-6.661338147750939e-16,0.0,1.9627251208139427,13985.447204461374,1.9627251208139425,0.0,0.0,8586.639621380704,8.881784197001252e-16,0.0,0.0,5561.189516726479,-2.220446049250313e-16,0.0,0.0,4851.318433190153,-2.220446049250313e-16,0.0,0.0,1347.6108540193604,0.0,0.0,0.0,7376.765378163378,-2.220446049250313e-16,0.0,0.0,5126.883496239241,0.0,0.0,1917.532089983972,64633.911286449766,0.19627251208139426,6463.391128643211
872.0,6.0,0.1276595744680851,19007819.0,232011.75647152791,0.0002777777777777778,0.0,2480.7135453428127,0.0,0.0,2.0,8670.696004110687,1.9999999999999996,0.0,0.0,6648.647232815577,-6.661338147750939e-16,0.0,0.0,13985.447204461374,-2.220446049250313e-16,0.0,0.0,8586.639621380704,8.881784197001252e-16,0.0,1.8184167174978272,5563.007933443977,1.818416717497827,0.0,0.0,4851.318433190153,-2.220446049250313e-16,0.0,0.0,1347.6108540193604,0.0,0.0,0.0,7376.765378163378,-2.220446049250313e-16,0.0,0.0,5126.883496239241,0.0,0.0002777777777777778,1917.532089983972,64637.729703167264,0.38184167174978273,6463.772970314961
873.0,2.0,0.0425531914893617,19007821.0,232011.7990247194,0.0,0.0,2480.7135453428127,0.0,0.0,0.0,8670.696004110687,-4.440892098500626e-16,0.0,0.0,6648.647232815577,-6.661338147750939e-16,0.0,0.0,13985.447204461374,-2.220446049250313e-16,0.0,0.0,8586.639621380704,8.881784197001252e-16,0.0,0.0,5563.007933443977,-2.220446049250313e-16,0.0,0.0,4851.318433190153,-2.220446049250313e-16,0.0,0.0,1347.6108540193604,0.0,0.0,0.0,7376.765378163378,-2.220446049250313e-16,0.0,0.0,5126.883496239241,0.0,0.0,1917.532089983972,64637.729703167264,0.0,6463.772970314961
874.0,3.0,0.06382978723404255,19007824.0,232011.86285450662,0.0,0.0,2480.7135453428127,0.0,0.0,0.0,8670.696004110687,-4.440892098500626e-16,0.0,0.0,6648.647232815577,-6.661338147750939e-16,0.0,0.0,13985.447204461374,-2.220446049250313e-16,0.0,0.0,8586.639621380704,8.881784197001252e-16,0.0,0.0,5563.007933443977,-2.220446049250313e-16,0.0,0.0,4851.318433190153,-2.220446049250313e-16,0.0,0.0,1347.6108540193604,0.0,0.0,0.0,7376.765378163378,-2.220446049250313e-16,0.0,0.0,5126.883496239241,0.0,0.0,1917.532089983972,64637.729703167264,0.0,6463.772970314961
875.0,0.0,0.0,19007824.0,232011.86285450662,0.0,0.0,2480.7135453428127,0.0,0.0,0.0,8670.696004110687,-4.440892098500626e-16,0.0,2.0,6650.647232815577,1.9999999999999993,0.0,0.0,13985.447204461374,-2.220446049250313e-16,0.0,0.0,8586.639621380704,8.881784197001252e-16,0.0,0.0,5563.007933443977,-2.220446049250313e-16,0.0,0.0,4851.318433190153,-2.220446049250313e-16,0.0,0.0,1347.6108540193604,0.0,0.0,0.0,7376.765378163378,-2.220446049250313e-16,0.0,0.0,5126.883496239241,0.0,0.0,1917.532089983972,64639.729703167264,0.2,6463.972970314961
876.0,1.0,0.021739130434782608,19007825.0,232011.88459363705,0.0,0.0,2480.7135453428127,0.0,0.0,0.0,8670.696004110687,-4.440892098500626e-16,0.0,0.0,6650.647232815577,-6.661338147750939e-16,0.0,0.0,13985.447204461374,-2.220446049250313e-16,0.0,0.0,8586.639621380704,8.881784197001252e-16,0.0,0.0,5563.007933443977,-2.220446049250313e-16,0.0,0.0,4851.318433190153,-2.220446049250313e-16,0.0,0.0,1347.6108540193604,0.0,0.0,0.0,7376.765378163378,-2.220446049250313e-16,0.0,0.0,5126.883496239241,0.0,0.0,1917.532089983972,64639.729703167264,0.0,6463.972970314961
877.0,2.0,0.043478260869565216,19007827.0,232011.9280718979,0.0,0.0,2480.7135453428127,0.0,0.0,0.0,8670.696004110687,-4.440892098500626e-16,0.0,0.0,6650.647232815577,-6.661338147750939e-16,0.0,0.0,13985.447204461374,-2.220446049250313e-16,0.0,0.0,8586.639621380704,8.881784197001252e-16,0.0,0.0,5563.007933443977,-2.220446049250313e-16,0.0,0.0,4851.318433190153,-2.220446049250313e-16,0.0,0.0,1347.6108540193604,0.0,0.0,0.0,7376.765378163378,-2.220446049250313e-16,0.0,0.0,5126.883496239241,0.0,0.0,1917.532089983972,64639.729703167264,0.0,6463.972970314961
878.0,3.0,0.06666666666666667,19007830.0,232011.9947385646,0.0,0.0,2480.7135453428127,0.0,0.0,0.0,8670.696004110687,-4.440892098500626e-16,0.0,0.0,6650.647232815577,-6.661338147750939e-16,0.0,0.0,13985.447204461374,-2.220446049250313e-16,0.0,0.0,8586.639621380704,8.881784197001252e-16,0.0,0.0,5563.007933443977,-2.220446049250313e-16,0.0,0.0,4851.318433190153,-2.220446049250313e-16,0.0,0.0,1347.6108540193604,0.0,0.0,0.0,7376.765378163378,-2.220446049250313e-16,0.0,0.0,5126.883496239241,0.0,0.0,1917.532089983972,64639.729703167264,0.0,6463.972970314961
879.0,0.0,0.0,19007830.0,232011.9947385646,0.0,0.0,2480.7135453428127,0.0,0.0,0.0,8670.696004110687,-4.440892098500626e-16,0.0,0.0,6650.647232815577,-6.661338147750939e-16,0.0,0.0,13985.447204461374,-2.220446049250313e-16,0.0,0.0,8586.639621380704,8.881784197001252e-16,0.0,0.0,5563.007933443977,-2.220446049250313e-16,0.0,0.0,4851.318433190153,-2.220446049250313e-16,0.0,0.0,1347.6108540193604,0.0,0.0,0.0,7376.765378163378,-2.220446049250313e-16,0.0,0.0,5126.883496239241,0.0,0.0,1917.532089983972,64639.729703167264,0.0,6463.972970314961
880.0,0.0,0.0,19007830.0,232011.9947385646,0.0,0.0,2480.7135453428127,0.0,0.0,0.0,8670.696004110687,-4.440892098500626e-16,0.0,0.0,6650.647232815577,-6.661338147750939e-16,0.0,0.0,13985.447204461374,-2.220446049250313e-16,0.0,0.0,8586.639621380704,8.881784197001252e-16,0.0,0.0,5563.007933443977,-2.220446049250313e-16,0.0,0.0,4851.318433190153,-2.220446049250313e-16,0.0,0.0,1347.6108540193604,0.0,0.0,0.0,7376.765378163378,-2.220446049250313e-16,0.0,0.0,5126.883496239241,0.0,0.0,1917.532089983972,64639.729703167264,0.0,6463.972970314961
881.0,0.0,0.0,19007830.0,232011.9947385646,0.0,0.0,2480.7135453428127,0.0,0.0,0.0,8670.696004110687,-4.440892098500626e-16,0.0,0.0,6650.647232815577,-6.661338147750939e-16,0.0,0.0,13985.447204461374,-2.220446049250313e-16,0.0,2.0,8588.639621380704,2.000000000000001,0.0,0.0,5563.007933443977,-2.220446049250313e-16,0.0,0.0,4851.318433190153,-2.220446049250313e-16,0.0,0.0,1347.6108540193604,0.0,0.0,0.0,7376.765378163378,-2.220446049250313e-16,0.0,0.0,5126.883496239241,0.0,0.0,1917.532089983972,64641.729703167264,0.2,6464.17297031496
882.0,0.0,0.0,19007830.0,232011.9947385646,0.0,0.0,2480.7135453428127,0.0,0.0,0.0,8670.696004110687,-4.440892098500626e-16,0.0,2.0,6652.647232815577,1.9999999999999993,0.0,1.3102951277776724,13986.757499589152,1.3102951277776722,0.0,0.0,8588.639621380704,8.881784197001252e-16,0.0,0.0,5563.007933443977,-2.220446049250313e-16,0.0,0.0,4851.318433190153,-2.220446049250313e-16,0.0,0.0,1347.6108540193604,0.0,0.0,0.0,7376.765378163378,-2.220446049250313e-16,0.0,0.0,5126.883496239241,0.0,0.0,1917.532089983972,64645.03999829504,0.33102951277776727,6464.503999827738
883.0,0.0,0.0,19007830.0,232011.9947385646,0.0,0.0,2480.7135453428127,0.0,0.0,0.0,8670.696004110687,-4.440892098500626e-16,0.0,0.0,6652.647232815577,-6.661338147750939e-16,0.0,0.0,13986.757499589152,-2.220446049250313e-16,0.0,2.0,8590.639621380704,2.000000000000001,0.0,0.0,5563.007933443977,-2.220446049250313e-16,0.0,0.0,4851.318433190153,-2.220446049250313e-16,0.0,0.0,1347.6108540193604,0.0,0.0,0.0,7376.765378163378,-2.220446049250313e-16,0.0,0.0,5126.883496239241,0.0,0.0,1917.532089983972,64647.03999829504,0.2,6464.703999827738
884.0,1.0,0.022727272727272728,19007831.0,232012.01746583733,0.0,0.0,2480.7135453428127,0.0,0.0,0.0,8670.696004110687,-4.440892098500626e-16,0.0,0.0,6652.647232815577,-6.661338147750939e-16,0.0,0.0,13986.757499589152,-2.220446049250313e-16,0.0,0.0,8590.639621380704,8.881784197001252e-16,0.0,2.0,5565.007933443977,1.9999999999999998,0.0,0.0,4851.318433190153,-2.220446049250313e-16,0.0,0.0,1347.6108540193604,0.0,0.0,0.0,7376.765378163378,-2.220446049250313e-16,0.0,0.0,5126.883496239241,0.0,0.0,1917.532089983972,64649.03999829504,0.2,6464.903999827738
885.0,2.0,0.045454545454545456,19007833.0,232012.06292038277,0.0,0.0,2480.7135453428127,0.0,0.0,1.3033424375624365,8671.99934654825,1.303342437562436,0.0,0.0,6652.647232815577,-6.661338147750939e-16,0.0,0.0,13986.757499589152,-2.220446049250313e-16,0.0,0.0,8590.639621380704,8.881784197001252e-16,0.0,0.0,5565.007933443977,-2.220446049250313e-16,0.0,0.0,4851.318433190153,-2.220446049250313e-16,0.0,0.0,1347.6108540193604,0.0,0.0,0.0,7376.765378163378,-2.220446049250313e-16,0.0,0.0,5126.883496239241,0.0,0.0,1917.532089983972,64650.34334073261,0.13033424375624364,6465.0343340714935
886.0,3.0,0.06818181818181818,19007836.0,232012.13110220095,0.0,0.0,2480.7135453428127,0.0,0.0,0.0,8671.99934654825,-4.440892098500626e-16,0.0,0.0,6652.647232815577,-6.661338147750939e-16,0.0,1.6759086492727548,13988.433408238425,1.6759086492727546,0.0,0.0,8590.639621380704,8.881784197001252e-16,0.0,0.0,5565.007933443977,-2.220446049250313e-16,0.0,0.0,4851.318433190153,-2.220446049250313e-16,0.0,0.0,1347.6108540193604,0.0,0.0,0.0,7376.765378163378,-2.220446049250313e-16,0.0,0.0,5126.883496239241,0.0,0.0,1917.532089983972,64652.019249381876,0.16759086492727548,6465.201924936421
887.0,5.0,0.11627906976744186,19007841.0,232012.24738127072,0.0,0.0,2480.7135453428127,0.0,0.0,0.0,8671.99934654825,-4.440892098500626e-16,0.0,0.0,6652.647232815577,-6.661338147750939e-16,0.0,2.0,13990.433408238425,1.9999999999999998,0.0,0.0,8590.639621380704,8.881784197001252e-16,0.0,0.0,5565.007933443977,-2.220446049250313e-16,0.0,0.0,4851.318433190153,-2.220446049250313e-16,0.0,0.0,1347.6108540193604,0.0,0.0,0.0,7376.765378163378,-2.220446049250313e-16,0.0,0.0,5126.883496239241,0.0,0.0,1917.532089983972,64654.019249381876,0.2,6465.401924936421
888.0,7.0,0.16666666666666666,19007848.0,232012.41404793737,0.0,0.0,2480.7135453428127,0.0,0.0,0.0,8671.99934654825,-4.440892098500626e-16,0.0,0.0,6652.647232815577,-6.661338147750939e-16,0.0,0.0,13990.433408238425,-2.220446049250313e-16,0.0,0.0,8590.639621380704,8.881784197001252e-16,0.0,0.0,5565.007933443977,-2.220446049250313e-16,0.0,0.0,4851.318433190153,-2.220446049250313e-16,0.0,0.0,1347.6108540193604,0.0,0.0,0.0,7376.765378163378,-2.220446049250313e-16,0.0,0.0,5126.883496239241,0.0,0.0,1917.532089983972,64654.019249381876,0.0,6465.401924936421
889.0,9.0,0.21951219512195122,19007857.0,232012.6335601325,0.0,0.0,2480.7135453428127,0.0,0.0,0.0,8671.99934654825,-4.440892098500626e-16,0.0,0.0,6652.647232815577,-6.661338147750939e-16,0.0,0.0,13990.433408238425,-2.220446049250313e-16,0.0,0.0,8590.639621380704,8.881784197001252e-16,0.0,0.0,5565.007933443977,-2.220446049250313e-16,0.0,0.0,4851.318433190153,-2.220446049250313e-16,0.0,0.0,1347.6108540193604,0.0,0.0,0.0,7376.765378163378,-2.220446049250313e-16,0.0,0.0,5126.883496239241,0.0,0.0,1917.532089983972,64654.019249381876,0.0,6465.401924936421
890.0,11.0,0.275,19007868.0,232012.9085601325,0.0,0.0,2480.7135453428127,0.0,0.0,0.0,8671.99934654825,-4.440892098500626e-16,0.0,0.0,6652.647232815577,-6.661338147750939e-16,0.0,0.0,13990.433408238425,-2.220446049250313e-16,0.0,0.0,8590.639621380704,8.881784197001252e-16,0.0,0.0,5565.007933443977,-2.220446049250313e-16,0.0,0.0,4851.318433190153,-2.220446049250313e-16,0.0,0.0,1347.6108540193604,0.0,0.0,0.0,7376.765378163378,-2.220446049250313e-16,0.0,0.0,5126.883496239241,0.0,0.0,1917.532089983972,64654.019249381876,0.0,6465.401924936421
891.0,5.0,0.125,19007873.0,232013.0335601325,0.0,0.0,2480.7135453428127,0.0,0.0,0.0,8671.99934654825,-4.440892098500626e-16,0.0,0.0,6652.647232815577,-6.661338147750939e-16,0.0,0.0,13990.433408238425,-2.220446049250313e-16,0.0,0.0,8590.639621380704,8.881784197001252e-16,0.0,0.0,5565.007933443977,-2.220446049250313e-16,0.0,0.0,4851.318433190153,-2.220446049250313e-16,0.0,0.0,1347.6108540193604,0.0,0.0,0.0,7376.765378163378,-2.220446049250313e-16,0.0,0.0,5126.883496239241,0.0,0.0,1917.532089983972,64654.019249381876,0.0,6465.401924936421
892.0,6.0,0.15,19007879.0,232013.1835601325,0.0,0.0,2480.7135453428127,0.0,0.0,0.0,8671.99934654825,-4.440892098500626e-16,0.0,0.0,6652.647232815577,-6.661338147750939e-16,0.0,2.0,13992.433408238425,1.9999999999999998,0.0,0.0,8590.639621380704,8.881784197001252e-16,0.0,0.0,5565.007933443977,-2.220446049250313e-16,0.0,1.5381378553814875,4852.856571045534,1.5381378553814873,0.0,0.0,1347.6108540193604,0.0,0.0,0.0,7376.765378163378,-2.220446049250313e-16,0.0,0.0,5126.883496239241,0.0,0.0,1917.532089983972,64657.55738723726,0.35381378553814874,6465.7557387219595
893.0,7.0,0.175,19007886.0,232013.35856013247,0.0,0.0,2480.7135453428127,0.0,0.0,0.0,8671.99934654825,-4.440892098500626e-16,0.0,0.0,6652.647232815577,-6.661338147750939e-16,0.0,0.0,13992.433408238425,-2.220446049250313e-16,0.0,0.0,8590.639621380704,8.881784197001252e-16,0.0,0.0,5565.007933443977,-2.220446049250313e-16,0.0,0.0,4852.856571045534,-2.220446049250313e-16,0.0,0.0,1347.6108540193604,0.0,0.0,0.0,7376.765378163378,-2.220446049250313e-16,0.0,0.0,5126.883496239241,0.0,0.0,1917.532089983972,64657.55738723726,0.0,6465.7557387219595
894.0,9.0,0.225,19007895.0,232013.58356013248,0.0,0.0,2480.7135453428127,0.0,0.0,0.0,8671.99934654825,-4.440892098500626e-16,0.0,0.0,6652.647232815577,-6.661338147750939e-16,0.0,0.0,13992.433408238425,-2.220446049250313e-16,0.0,0.0,8590.639621380704,8.881784197001252e-16,0.0,0.0,5565.007933443977,-2.220446049250313e-16,0.0,0.0,4852.856571045534,-2.220446049250313e-16,0.0,0.0,1347.6108540193604,0.0,0.0,2.0,7378.765378163378,1.9999999999999998,0.0,0.0,5126.883496239241,0.0,0.0,1917.532089983972,64659.55738723726,0.2,6465.955738721959
895.0,12.0,0.3076923076923077,19007907.0,232013.89125244017,0.0,0.0,2480.7135453428127,0.0,0.0,0.0,8671.99934654825,-4.440892098500626e-16,0.0,0.0,6652.647232815577,-6.661338147750939e-16,0.0,0.0,13992.433408238425,-2.220446049250313e-16,0.0,0.0,8590.639621380704,8.881784197001252e-16,0.0,0.0,5565.007933443977,-2.220446049250313e-16,0.0,0.0,4852.856571045534,-2.220446049250313e-16,0.0,0.0,1347.6108540193604,0.0,0.0,0.0,7378.765378163378,-2.220446049250313e-16,0.0,0.0,5126.883496239241,0.0,0.0,1917.532089983972,64659.55738723726,0.0,6465.955738721959
896.0,20.0,0.5263157894736842,19007927.0,232014.41756822963,0.0,0.0,2480.7135453428127,0.0,0.0,0.0,8671.99934654825,-4.440892098500626e-16,0.0,0.0,6652.647232815577,-6.661338147750939e-16,0.0,0.0,13992.433408238425,-2.220446049250313e-16,0.0,0.0,8590.639621380704,8.881784197001252e-16,0.0,0.0,5565.007933443977,-2.220446049250313e-16,0.0,0.0,4852.856571045534,-2.220446049250313e-16,0.0,0.0,1347.6108540193604,0.0,0.0,1.075,7379.840378163378,1.0749999999999997,0.0,2.0,5128.883496239241,2.0,0.0,1917.532089983972,64662.63238723726,0.3075,6466.263238721959
897.0,30.0,0.7894736842105263,19007957.0,232015.20704191385,0.0,0.0,2480.7135453428127,0.0,0.0,0.0,8671.99934654825,-4.440892098500626e-16,0.0,0.0,6652.647232815577,-6.661338147750939e-16,0.0,0.0,13992.433408238425,-2.220446049250313e-16,0.0,0.0,8590.639621380704,8.881784197001252e-16,0.0,0.0,5565.007933443977,-2.220446049250313e-16,0.0,0.0,4852.856571045534,-2.220446049250313e-16,0.0,0.0,1347.6108540193604,0.0,0.0,0.0,7379.840378163378,-2.220446049250313e-16,0.0,0.0,5128.883496239241,0.0,0.0,1917.532089983972,64662.63238723726,0.0,6466.263238721959
898.0,40.0,1.0526315789473684,19007997.0,232016.2596734928,0.0,0.0,2480.7135453428127,0.0,0.0,0.0,8671.99934654825,-4.440892098500626e-16,0.0,0.0,6652.647232815577,-6.661338147750939e-16,0.0,0.0,13992.433408238425,-2.220446049250313e-16,0.0,0.0,8590.639621380704,8.881784197001252e-16,0.0,0.0,5565.007933443977,-2.220446049250313e-16,0.0,0.0,4852.856571045534,-2.220446049250313e-16,0.0,2.0,1349.6108540193604,2.0,0.0,0.0,7379.840378163378,-2.220446049250313e-16,0.0,1.074037576346129,5129.957533815587,1.074037576346129,0.0,1917.532089983972,64665.7064248136,0.30740375763461286,6466.5706424795935
899.0,50.0,1.3157894736842106,19008047.0,232017.5754629665,0.0,0.0,2480.7135453428127,0.0,0.0,0.0,8671.99934654825,-4.440892098500626e-16,0.0,0.0,6652.647232815577,-6.661338147750939e-16,0.0,0.0,13992.433408238425,-2.220446049250313e-16,0.0,0.0,8590.639621380704,8.881784197001252e-16,0.0,0.0,5565.007933443977,-2.220446049250313e-16,0.0,0.0,4852.856571045534,-2.220446049250313e-16,0.0,0.0,1349.6108540193604,0.0,0.0,0.0,7379.840378163378,-2.220446049250313e-16,0.0,0.0,5129.957533815587,0.0,0.0,1917.532089983972,64665.7064248136,0.0,6466.5706424795935
900.0,54.0,1.4594594594594594,19008101.0,232019.03492242596,0.0,0.0,2480.7135453428127,0.0,0.0,0.0,8671.99934654825,-4.440892098500626e-16,0.0,0.0,6652.647232815577,-6.661338147750939e-16,0.0,0.0,13992.433408238425,-2.220446049250313e-16,0.0,0.0,8590.639621380704,8.881784197001252e-16,0.0,0.0,5565.007933443977,-2.220446049250313e-16,0.0,0.0,4852.856571045534,-2.220446049250313e-16,0.0,0.0,1349.6108540193604,0.0,0.0,0.0,7379.840378163378,-2.220446049250313e-16,0.0,0.0,5129.957533815587,0.0,0.0,1917.532089983972,64665.7064248136,0.0,6466.5706424795935
901.0,21.0,0.4772727272727273,19008122.0,232019.51219515322,0.0,0.0,2480.7135453428127,0.0,0.0,0.0,8671.99934654825,-4.440892098500626e-16,0.0,0.0,6652.647232815577,-6.661338147750939e-16,0.0,0.0,13992.433408238425,-2.220446049250313e-16,0.0,1.9145227139766057,8592.55414409468,1.9145227139766066,0.0,0.0,5565.007933443977,-2.220446049250313e-16,0.0,0.0,4852.856571045534,-2.220446049250313e-16,0.0,0.0,1349.6108540193604,0.0,0.0,0.0,7379.840378163378,-2.220446049250313e-16,0.0,0.0,5129.957533815587,0.0,0.0,1917.532089983972,64667.620947527575,0.19145227139766058,6466.762094750991
902.0,23.0,0.5227272727272727,19008145.0,232020.03492242596,0.0,0.0,2480.7135453428127,0.0,0.0,2.0,8673.99934654825,1.9999999999999996,0.0,0.0,6652.647232815577,-6.661338147750939e-16,0.0,1.6993270884852092,13994.13273532691,1.699327088485209,0.0,0.0,8592.55414409468,8.881784197001252e-16,0.0,2.0,5567.007933443977,1.9999999999999998,0.0,0.0,4852.856571045534,-2.220446049250313e-16,0.0,0.0,1349.6108540193604,0.0,0.0,1.3435948570558993,7381.183973020434,1.343594857055899,0.0,0.0,5129.957533815587,0.0,0.0,1917.532089983972,64674.66386947312,0.7042921945541109,6467.466386945545
903.0,25.0,0.5681818181818182,19008170.0,232020.60310424413,0.0,0.0,2480.7135453428127,0.0,0.0,0.0,8673.99934654825,-4.440892098500626e-16,0.0,0.0,6652.647232815577,-6.661338147750939e-16,0.0,0.0,13994.13273532691,-2.220446049250313e-16,0.0,0.0,8592.55414409468,8.881784197001252e-16,0.0,0.0,5567.007933443977,-2.220446049250313e-16,0.0,0.0,4852.856571045534,-2.220446049250313e-16,0.0,0.0,1349.6108540193604,0.0,0.0,0.0,7381.183973020434,-2.220446049250313e-16,0.0,0.0,5129.957533815587,0.0,0.0,1917.532089983972,64674.66386947312,0.0,6467.466386945545
904.0,27.0,0.6136363636363636,19008197.0,232021.21674060778,0.0,0.0,2480.7135453428127,0.0,0.0,2.0,8675.99934654825,1.9999999999999996,0.0,0.0,6652.647232815577,-6.661338147750939e-16,0.0,0.0,13994.13273532691,-2.220446049250313e-16,0.0,0.0,8592.55414409468,8.881784197001252e-16,0.0,0.0,5567.007933443977,-2.220446049250313e-16,0.0,0.0,4852.856571045534,-2.220446049250313e-16,0.0,0.0,1349.6108540193604,0.0,0.0,0.0,7381.183973020434,-2.220446049250313e-16,0.0,0.0,5129.957533815587,0.0,0.0,1917.532089983972,64676.66386947312,0.2,6467.666386945545
905.0,29.0,0.6590909090909091,19008226.0,232021.87583151687,0.0,0.0,2480.7135453428127,0.0,0.0,0.0,8675.99934654825,-4.440892098500626e-16,0.0,2.0,6654.647232815577,1.9999999999999993,0.0,0.0,13994.13273532691,-2.220446049250313e-16,0.0,0.0,8592.55414409468,8.881784197001252e-16,0.0,0.0,5567.007933443977,-2.220446049250313e-16,0.0,0.0,4852.856571045534,-2.220446049250313e-16,0.0,0.0,1349.6108540193604,0.0,0.0,0.0,7381.183973020434,-2.220446049250313e-16,0.0,0.0,5129.957533815587,0.0,0.0,1917.532089983972,64678.66386947312,0.2,6467.866386945545
906.0,11.0,0.25,19008237.0,232022.12583151687,0.0,0.0,2480.7135453428127,0.0,0.0,0.0,8675.99934654825,-4.440892098500626e-16,0.0,0.0,6654.647232815577,-6.661338147750939e-16,0.0,0.0,13994.13273532691,-2.220446049250313e-16,0.0,0.0,8592.55414409468,8.881784197001252e-16,0.0,0.0,5567.007933443977,-2.220446049250313e-16,0.0,0.0,4852.856571045534,-2.220446049250313e-16,0.0,0.0,1349.6108540193604,0.0,0.0,0.0,7381.183973020434,-2.220446049250313e-16,0.0,0.0,5129.957533815587,0.0,0.0,1917.532089983972,64678.66386947312,0.0,6467.866386945545
907.0,1.0,0.022727272727272728,19008238.0,232022.1485587896,0.0,0.0,2480.7135453428127,0.0,0.0,0.0,8675.99934654825,-4.440892098500626e-16,0.0,0.0,6654.647232815577,-6.661338147750939e-16,0.0,0.0,13994.13273532691,-2.220446049250313e-16,0.0,0.0,8592.55414409468,8.881784197001252e-16,0.0,0.0,5567.007933443977,-2.220446049250313e-16,0.0,0.0,4852.856571045534,-2.220446049250313e-16,0.0,0.0,1349.6108540193604,0.0,0.0,0.0,7381.183973020434,-2.220446049250313e-16,0.0,0.0,5129.957533815587,0.0,0.0,1917.532089983972,64678.66386947312,0.0,6467.866386945545
908.0,0.0,0.0,19008238.0,232022.1485587896,0.0,0.0,2480.7135453428127,0.0,0.0,0.0,8675.99934654825,-4.440892098500626e-16,0.0,0.0,6654.647232815577,-6.661338147750939e-16,0.0,2.0,13996.13273532691,1.9999999999999998,0.0,0.0,8592.55414409468,8.881784197001252e-16,0.0,0.0,5567.007933443977,-2.220446049250313e-16,0.0,0.0,4852.856571045534,-2.220446049250313e-16,0.0,0.0,1349.6108540193604,0.0,0.0,0.0,7381.183973020434,-2.220446049250313e-16,0.0,0.0,5129.957533815587,0.0,0.0,1917.532089983972,64680.66386947312,0.2,6468.066386945545
909.0,0.0,0.0,19008238.0,232022.1485587896,0.0,0.0,2480.7135453428127,0.0,0.0,0.0,8675.99934654825,-4.440892098500626e-16,0.0,0.0,6654.647232815577,-6.661338147750939e-16,0.0,0.0,13996.13273532691,-2.220446049250313e-16,0.0,0.0,8592.55414409468,8.881784197001252e-16,0.0,0.0,5567.007933443977,-2.220446049250313e-16,0.0,0.0,4852.856571045534,-2.220446049250313e-16,0.0,0.0,1349.6108540193604,0.0,0.0,0.0,7381.183973020434,-2.220446049250313e-16,0.0,0.0,5129.957533815587,0.0,0.0,1917.532089983972,64680.66386947312,0.0,6468.066386945545
910.0,0.0,0.0,19008238.0,232022.1485587896,0.0,0.0,2480.7135453428127,0.0,0.0,0.0,8675.99934654825,-4.440892098500626e-16,0.0,0.0,6654.647232815577,-6.661338147750939e-16,0.0,0.0,13996.13273532691,-2.220446049250313e-16,0.0,2.0,8594.55414409468,2.000000000000001,0.0,0.0,5567.007933443977,-2.220446049250313e-16,0.0,0.0,4852.856571045534,-2.220446049250313e-16,0.0,0.0,1349.6108540193604,0.0,0.0,0.0,7381.183973020434,-2.220446049250313e-16,0.0,0.0,5129.957533815587,0.0,0.0,1917.532089983972,64682.66386947312,0.2,6468.266386945545
911.0,0.0,0.0,19008238.0,232022.1485587896,0.0,0.0,2480.7135453428127,0.0,0.0,0.0,8675.99934654825,-4.440892098500626e-16,0.0,0.0,6654.647232815577,-6.661338147750939e-16,0.0,0.0,13996.13273532691,-2.220446049250313e-16,0.0,0.0,8594.55414409468,8.881784197001252e-16,0.0,0.0,5567.007933443977,-2.220446049250313e-16,0.0,0.0,4852.856571045534,-2.220446049250313e-16,0.0,0.0,1349.6108540193604,0.0,0.0,0.0,7381.183973020434,-2.220446049250313e-16,0.0,0.0,5129.957533815587,0.0,0.0,1917.532089983972,64682.66386947312,0.0,6468.266386945545
912.0,0.0,0.0,19008238.0,232022.1485587896,0.0,0.0,2480.7135453428127,0.0,0.0,0.0,8675.99934654825,-4.440892098500626e-16,0.0,0.0,6654.647232815577,-6.661338147750939e-16,0.0,0.0,13996.13273532691,-2.220446049250313e-16,0.0,0.0,8594.55414409468,8.881784197001252e-16,0.0,0.0,5567.007933443977,-2.220446049250313e-16,0.0,0.0,4852.856571045534,-2.220446049250313e-16,0.0,0.0,1349.6108540193604,0.0,0.0,2.0,7383.183973020434,1.9999999999999998,0.0,0.0,5129.957533815587,0.0,0.0,1917.532089983972,64684.66386947312,0.2,6468.466386945544
913.0,1.0,0.023255813953488372,19008239.0,232022.17181460356,0.0,0.0,2480.7135453428127,0.0,0.0,0.0,8675.99934654825,-4.440892098500626e-16,0.0,0.0,6654.647232815577,-6.661338147750939e-16,0.0002777777777777778,0.0,13996.13273532691,-2.220446049250313e-16,0.0,0.0,8594.55414409468,8.881784197001252e-16,0.0,0.0,5567.007933443977,-2.220446049250313e-16,0.0,0.0,4852.856571045534,-2.220446049250313e-16,0.0,0.0,1349.6108540193604,0.0,0.0,0.0,7383.183973020434,-2.220446049250313e-16,0.0,0.0,5129.957533815587,0.0,0.0002777777777777778,1917.532089983972,64684.66386947312,0.0,6468.466386945544
914.0,2.0,0.046511627906976744,19008241.0,232022.21832623146,0.0,0.0,2480.7135453428127,0.0,0.0,0.0,8675.99934654825,-4.440892098500626e-16,0.0,0.0,6654.647232815577,-6.661338147750939e-16,0.0005555555555555556,0.0,13996.13273532691,-2.220446049250313e-16,0.0,0.0,8594.55414409468,8.881784197001252e-16,0.0,0.0,5567.007933443977,-2.220446049250313e-16,0.0,0.0,4852.856571045534,-2.220446049250313e-16,0.0,0.0,1349.6108540193604,0.0,0.0,0.0,7383.183973020434,-2.220446049250313e-16,0.0,0.0,5129.957533815587,0.0,0.0005555555555555556,1917.532089983972,64684.66386947312,0.0,6468.466386945544
915.0,4.0,0.09302325581395349,19008245.0,232022.31134948728,0.0,0.0,2480.7135453428127,0.0,0.0,0.0,8675.99934654825,-4.440892098500626e-16,0.0,0.0,6654.647232815577,-6.661338147750939e-16,0.0008333333333333334,0.0,13996.13273532691,-2.220446049250313e-16,0.0,0.0,8594.55414409468,8.881784197001252e-16,0.0,0.0,5567.007933443977,-2.220446049250313e-16,0.0,0.0,4852.856571045534,-2.220446049250313e-16,0.0,0.0,1349.6108540193604,0.0,0.0,0.0,7383.183973020434,-2.220446049250313e-16,0.0,0.0,5129.957533815587,0.0,0.0008333333333333334,1917.532089983972,64684.66386947312,0.0,6468.466386945544
916.0,6.0,0.13953488372093023,19008251.0,232022.450884371,0.0,0.0,2480.7135453428127,0.0,0.0,0.0,8675.99934654825,-4.440892098500626e-16,0.0,0.0,6654.647232815577,-6.661338147750939e-16,0.0011111111111111111,0.0,13996.13273532691,-2.220446049250313e-16,0.0,0.0,8594.55414409468,8.881784197001252e-16,0.0,0.0,5567.007933443977,-2.220446049250313e-16,0.0,0.0,4852.856571045534,-2.220446049250313e-16,0.0,0.0,1349.6108540193604,0.0,0.0,0.0,7383.183973020434,-2.220446049250313e-16,0.0,0.0,5129.957533815587,0.0,0.0011111111111111111,1917.532089983972,64684.66386947312,0.0,6468.466386945544
917.0,5.0,0.11627906976744186,19008256.0,232022.56716344078,0.0,0.0,2480.7135453428127,0.0,0.0,0.0,8675.99934654825,-4.440892098500626e-16,0.0,0.0,6654.647232815577,-6.661338147750939e-16,0.001388888888888889,0.0,13996.13273532691,-2.220446049250313e-16,0.0,0.0,8594.55414409468,8.881784197001252e-16,0.0,0.0,5567.007933443977,-2.220446049250313e-16,0.0,0.0,4852.856571045534,-2.220446049250313e-16,0.0,0.0,1349.6108540193604,0.0,0.0,0.0,7383.183973020434,-2.220446049250313e-16,0.0,0.0,5129.957533815587,0.0,0.001388888888888889,1917.532089983972,64684.66386947312,0.0,6468.466386945544
918.0,6.0,0.13953488372093023,19008262.0,232022.7066983245,0.0,0.0,2480.7135453428127,0.0,0.0,0.0,8675.99934654825,-4.440892098500626e-16,0.0,0.0,6654.647232815577,-6.661338147750939e-16,0.0016666666666666668,1.7683648370286844,13997.90110016394,1.7683648370286842,0.0,0.0,8594.55414409468,8.881784197001252e-16,0.0,0.0,5567.007933443977,-2.220446049250313e-16,0.0,2.0,4854.856571045534,1.9999999999999998,0.0,0.0,1349.6108540193604,0.0,0.0,0.0,7383.183973020434,-2.220446049250313e-16,0.0,0.0,5129.957533815587,0.0,0.0016666666666666668,1917.532089983972,64688.43223431015,0.3768364837028685,6468.843223429248
919.0,7.0,0.16279069767441862,19008269.0,232022.86948902218,0.0,0.0,2480.7135453428127,0.0,0.0,0.0,8675.99934654825,-4.440892098500626e-16,0.0,0.0,6654.647232815577,-6.661338147750939e-16,0.0019444444444444444,0.0,13997.90110016394,-2.220446049250313e-16,0.0,0.0,8594.55414409468,8.881784197001252e-16,0.0,0.0,5567.007933443977,-2.220446049250313e-16,0.0,0.0,4854.856571045534,-2.220446049250313e-16,0.0,0.0,1349.6108540193604,0.0,0.0,0.0,7383.183973020434,-2.220446049250313e-16,0.0,0.0,5129.957533815587,0.0,0.0019444444444444444,1917.532089983972,64688.43223431015,0.0,6468.843223429248
920.0,8.0,0.18604651162790697,19008277.0,232023.05553553381,0.0,0.0,2480.7135453428127,0.0,0.0,0.0,8675.99934654825,-4.440892098500626e-16,0.0,0.0,6654.647232815577,-6.661338147750939e-16,0.0022222222222222222,2.0,13999.90110016394,1.9999999999999998,0.0,0.0,8594.55414409468,8.881784197001252e-16,0.0,0.0,5567.007933443977,-2.220446049250313e-16,0.0,0.0,4854.856571045534,-2.220446049250313e-16,0.0,0.0,1349.6108540193604,0.0,0.0,0.0,7383.183973020434,-2.220446049250313e-16,0.0,0.0,5129.957533815587,0.0,0.0022222222222222222,1917.532089983972,64690.43223431015,0.2,6469.0432234292475
921.0,9.0,0.20930232558139536,19008286.0,232023.2648378594,0.0,0.0,2480.7135453428127,0.0,0.0,0.0,8675.99934654825,-4.440892098500626e-16,0.0,0.0,6654.647232815577,-6.661338147750939e-16,0.0025,0.0,13999.90110016394,-2.220446049250313e-16,0.0,0.0,8594.55414409468,8.881784197001252e-16,0.0,0.0,5567.007933443977,-2.220446049250313e-16,0.0,0.0,4854.856571045534,-2.220446049250313e-16,0.0,0.0,1349.6108540193604,0.0,0.0,0.0,7383.183973020434,-2.220446049250313e-16,0.0,0.0,5129.957533815587,0.0,0.0025,1917.532089983972,64690.43223431015,0.0,6469.0432234292475
922.0,10.0,0.23255813953488372,19008296.0,232023.49739599894,0.0,0.0,2480.7135453428127,0.0,0.0,0.0,8675.99934654825,-4.440892098500626e-16,0.0,0.0,6654.647232815577,-6.661338147750939e-16,0.002777777777777778,0.0,13999.90110016394,-2.220446049250313e-16,0.0,0.0,8594.55414409468,8.881784197001252e-16,0.0,0.0,5567.007933443977,-2.220446049250313e-16,0.0,0.0,4854.856571045534,-2.220446049250313e-16,0.0,0.0,1349.6108540193604,0.0,0.0,0.0,7383.183973020434,-2.220446049250313e-16,0.0,0.0,5129.957533815587,0.0,0.002777777777777778,1917.532089983972,64690.43223431015,0.0,6469.0432234292475
923.0,11.0,0.2558139534883721,19008307.0,232023.75320995244,0.0,0.0,2480.7135453428127,0.0,0.0,0.0,8675.99934654825,-4.440892098500626e-16,0.0,0.0,6654.647232815577,-6.661338147750939e-16,0.0030555555555555557,0.0,13999.90110016394,-2.220446049250313e-16,0.0,0.0,8594.55414409468,8.881784197001252e-16,0.0,2.0,5569.007933443977,1.9999999999999998,0.0,0.0,4854.856571045534,-2.220446049250313e-16,0.0,0.0,1349.6108540193604,0.0,0.0,0.0,7383.183973020434,-2.220446049250313e-16,0.0,0.0,5129.957533815587,0.0,0.0030555555555555557,1917.532089983972,64692.43223431015,0.2,6469.243223429247
924.0,12.0,0.27906976744186046,19008319.0,232024.0322797199,0.0,0.0,2480.7135453428127,0.0,0.0,0.0,8675.99934654825,-4.440892098500626e-16,0.0,0.0,6654.647232815577,-6.661338147750939e-16,0.0033333333333333335,2.0,14001.90110016394,1.9999999999999998,0.0,0.0,8594.55414409468,8.881784197001252e-16,0.0,0.0,5569.007933443977,-2.220446049250313e-16,0.0,0.0,4854.856571045534,-2.220446049250313e-16,0.0,0.0,1349.6108540193604,0.0,0.0,2.0,7385.183973020434,1.9999999999999998,0.0,0.0,5129.957533815587,0.0,0.0033333333333333335,1917.532089983972,64696.43223431015,0.4,6469.643223429247
925.0,14.0,0.32558139534883723,19008333.0,232024.35786111525,0.0,0.0,2480.7135453428127,0.0,0.0,0.0,8675.99934654825,-4.440892098500626e-16,0.0,0.0,6654.647232815577,-6.661338147750939e-16,0.003611111111111111,0.0,14001.90110016394,-2.220446049250313e-16,0.0,0.0,8594.55414409468,8.881784197001252e-16,0.0,0.0,5569.007933443977,-2.220446049250313e-16,0.0,2.0,4856.856571045534,1.9999999999999998,0.0,0.0,1349.6108540193604,0.0,0.0,0.0,7385.183973020434,-2.220446049250313e-16,0.0,0.0,5129.957533815587,0.0,0.003611111111111111,1917.532089983972,64698.43223431015,0.2,6469.843223429247
926.0,17.0,0.3953488372093023,19008350.0,232024.75320995247,0.0,0.0,2480.7135453428127,0.0,0.0,0.0,8675.99934654825,-4.440892098500626e-16,0.0,0.0,6654.647232815577,-6.661338147750939e-16,0.0038888888888888888,0.0,14001.90110016394,-2.220446049250313e-16,0.0,2.0,8596.55414409468,2.000000000000001,0.0,0.0,5569.007933443977,-2.220446049250313e-16,0.0,0.0,4856.856571045534,-2.220446049250313e-16,0.0,0.0,1349.6108540193604,0.0,0.0,0.0,7385.183973020434,-2.220446049250313e-16,0.0,2.0,5131.957533815587,2.0,0.0038888888888888888,1917.532089983972,64702.43223431015,0.4,6470.243223429246
927.0,20.0,0.46511627906976744,19008370.0,232025.21832623155,0.0,0.0,2480.7135453428127,0.0,0.0,0.0,8675.99934654825,-4.440892098500626e-16,0.0,0.0,6654.647232815577,-6.661338147750939e-16,0.004166666666666667,0.0,14001.90110016394,-2.220446049250313e-16,0.0,0.0,8596.55414409468,8.881784197001252e-16,0.0,0.0,5569.007933443977,-2.220446049250313e-16,0.0,0.0,4856.856571045534,-2.220446049250313e-16,0.0,0.0,1349.6108540193604,0.0,0.0,0.0,7385.183973020434,-2.220446049250313e-16,0.0,0.0,5131.957533815587,0.0,0.004166666666666667,1917.532089983972,64702.43223431015,0.0,6470.243223429246
928.0,20.0,0.46511627906976744,19008390.0,232025.68344251064,0.0,0.0,2480.7135453428127,0.0,0.0,0.0,8675.99934654825,-4.440892098500626e-16,0.0,0.0,6654.647232815577,-6.661338147750939e-16,0.0044444444444444444,0.0,14001.90110016394,-2.220446049250313e-16,0.0,0.0,8596.55414409468,8.881784197001252e-16,0.0,0.0,5569.007933443977,-2.220446049250313e-16,0.0,0.0,4856.856571045534,-2.220446049250313e-16,0.0,0.0,1349.6108540193604,0.0,0.0,0.0,7385.183973020434,-2.220446049250313e-16,0.0,0.0,5131.957533815587,0.0,0.0044444444444444444,1917.532089983972,64702.43223431015,0.0,6470.243223429246
929.0,23.0,0.5476190476190477,19008413.0,232026.23106155827,0.0,0.0,2480.7135453428127,0.0,0.0,0.0,8675.99934654825,-4.440892098500626e-16,0.0,0.0,6654.647232815577,-6.661338147750939e-16,0.004722222222222222,0.0,14001.90110016394,-2.220446049250313e-16,0.0,0.0,8596.55414409468,8.881784197001252e-16,0.0002777777777777778,0.0,5569.007933443977,-2.220446049250313e-16,0.0,0.0,4856.856571045534,-2.220446049250313e-16,0.0,0.0,1349.6108540193604,0.0,0.0,0.0,7385.183973020434,-2.220446049250313e-16,0.0,0.0,5131.957533815587,0.0,0.005,1917.532089983972,64702.43223431015,0.0,6470.243223429246
930.0,24.0,0.5714285714285714,19008437.0,232026.8024901297,0.0,0.0,2480.7135453428127,0.0,0.0,1.030454610744039,8677.029801158993,1.0304546107440387,0.0,0.0,6654.647232815577,-6.661338147750939e-16,0.005,0.0,14001.90110016394,-2.220446049250313e-16,0.0,0.0,8596.55414409468,8.881784197001252e-16,0.0,0.0,5569.007933443977,-2.220446049250313e-16,0.0,0.0,4856.856571045534,-2.220446049250313e-16,0.0,0.0,1349.6108540193604,0.0,0.0,0.0,7385.183973020434,-2.220446049250313e-16,0.0,0.0,5131.957533815587,0.0,0.005,1917.532089983972,64703.4626889209,0.1030454610744039,6470.346268890321
931.0,20.0,0.40816326530612246,19008457.0,232027.21065339498,0.0,0.0,2480.7135453428127,0.0,0.0,0.0,8677.029801158993,-4.440892098500626e-16,0.0,0.0,6654.647232815577,-6.661338147750939e-16,0.005277777777777778,0.0,14001.90110016394,-2.220446049250313e-16,0.0,0.0,8596.55414409468,8.881784197001252e-16,0.0,0.0,5569.007933443977,-2.220446049250313e-16,0.0,0.0,4856.856571045534,-2.220446049250313e-16,0.0,0.0,1349.6108540193604,0.0,0.0,0.0,7385.183973020434,-2.220446049250313e-16,0.0,0.0,5131.957533815587,0.0,0.005277777777777778,1917.532089983972,64703.4626889209,0.0,6470.346268890321
932.0,22.0,0.4489795918367347,19008479.0,232027.65963298682,0.0,0.03848527814456135,2480.752030620957,0.03848527814456135,0.0,1.996803780006532,8679.026604939,1.9968037800065315,0.0,0.0,6654.647232815577,-6.661338147750939e-16,0.005555555555555556,0.0,14001.90110016394,-2.220446049250313e-16,0.0,0.0,8596.55414409468,8.881784197001252e-16,0.0,2.0,5571.007933443977,1.9999999999999998,0.0,0.0,4856.856571045534,-2.220446049250313e-16,0.0,0.0,1349.6108540193604,0.0,0.0,0.0,7385.183973020434,-2.220446049250313e-16,0.0,0.0,5131.957533815587,0.0,0.005555555555555556,1917.532089983972,64707.497977979045,0.40352890581510936,6470.749797796136
933.0,24.0,0.5,19008503.0,232028.15963298682,0.0,0.0,2480.752030620957,0.0,0.0,0.0,8679.026604939,-4.440892098500626e-16,0.0,0.0,6654.647232815577,-6.661338147750939e-16,0.005833333333333334,0.0,14001.90110016394,-2.220446049250313e-16,0.0,1.5422941710428977,8598.096438265722,1.5422941710428986,0.0,0.0,5571.007933443977,-2.220446049250313e-16,0.0,0.0,4856.856571045534,-2.220446049250313e-16,0.0,0.0,1349.6108540193604,0.0,0.0,0.0,7385.183973020434,-2.220446049250313e-16,0.0,0.0,5131.957533815587,0.0,0.005833333333333334,1917.532089983972,64709.04027215009,0.15422941710428978,6470.90402721324
934.0,26.0,0.5416666666666666,19008529.0,232028.70129965348,0.0,0.0,2480.752030620957,0.0,0.0,0.0,8679.026604939,-4.440892098500626e-16,0.0,2.0,6656.647232815577,1.9999999999999993,0.006111111111111111,2.0,14003.90110016394,1.9999999999999998,0.0,0.0,8598.096438265722,8.881784197001252e-16,0.0,0.0,5571.007933443977,-2.220446049250313e-16,0.0,1.022506301764494,4857.879077347298,1.0225063017644938,0.0,0.0,1349.6108540193604,0.0,0.0,0.0,7385.183973020434,-2.220446049250313e-16,0.0,0.0,5131.957533815587,0.0,0.006111111111111111,1917.532089983972,64714.062778451844,0.5022506301764494,6471.406277843416
935.0,28.0,0.5957446808510638,19008557.0,232029.29704433432,0.0,0.0,2480.752030620957,0.0,0.0,0.0,8679.026604939,-4.440892098500626e-16,0.0,0.0,6656.647232815577,-6.661338147750939e-16,0.006388888888888889,0.0,14003.90110016394,-2.220446049250313e-16,0.0,0.0,8598.096438265722,8.881784197001252e-16,0.0,0.0,5571.007933443977,-2.220446049250313e-16,0.0,0.0,4857.879077347298,-2.220446049250313e-16,0.0,0.0,1349.6108540193604,0.0,0.0,0.0,7385.183973020434,-2.220446049250313e-16,0.0,0.0,5131.957533815587,0.0,0.006388888888888889,1917.532089983972,64714.062778451844,0.0,6471.406277843416
936.0,30.0,0.6382978723404256,19008587.0,232029.93534220665,0.0,0.0,2480.752030620957,0.0,0.0,0.0,8679.026604939,-4.440892098500626e-16,0.0,0.0,6656.647232815577,-6.661338147750939e-16,0.006666666666666667,0.0,14003.90110016394,-2.220446049250313e-16,0.0,0.0,8598.096438265722,8.881784197001252e-16,0.0,0.0,5571.007933443977,-2.220446049250313e-16,0.0,0.0,4857.879077347298,-2.220446049250313e-16,0.0,0.0,1349.6108540193604,0.0,0.0,0.0,7385.183973020434,-2.220446049250313e-16,0.0,0.0,5131.957533815587,0.0,0.006666666666666667,1917.532089983972,64714.062778451844,0.0,6471.406277843416
937.0,32.0,0.6808510638297872,19008619.0,232030.61619327049,0.0,0.0,2480.752030620957,0.0,0.0,0.0,8679.026604939,-4.440892098500626e-16,0.0,0.0,6656.647232815577,-6.661338147750939e-16,0.006944444444444444,0.0,14003.90110016394,-2.220446049250313e-16,0.0,0.0,8598.096438265722,8.881784197001252e-16,0.0,0.0,5571.007933443977,-2.220446049250313e-16,0.0,0.0,4857.879077347298,-2.220446049250313e-16,0.0,0.0,1349.6108540193604,0.0,0.0,0.0,7385.183973020434,-2.220446049250313e-16,0.0,0.0,5131.957533815587,0.0,0.006944444444444444,1917.532089983972,64714.062778451844,0.0,6471.406277843416
938.0,34.0,0.723404255319149,19008653.0,232031.3395975258,0.0,0.0,2480.752030620957,0.0,0.0,0.0,8679.026604939,-4.440892098500626e-16,0.0,0.0,6656.647232815577,-6.661338147750939e-16,0.007222222222222222,0.0,14003.90110016394,-2.220446049250313e-16,0.0,0.0,8598.096438265722,8.881784197001252e-16,0.0,0.0,5571.007933443977,-2.220446049250313e-16,0.0,0.0,4857.879077347298,-2.220446049250313e-16,0.0,0.0,1349.6108540193604,0.0,0.0,0.0,7385.183973020434,-2.220446049250313e-16,0.0,0.0,5131.957533815587,0.0,0.007222222222222222,1917.532089983972,64714.062778451844,0.0,6471.406277843416
939.0,36.0,0.7659574468085106,19008689.0,232032.1055549726,0.0,0.0,2480.752030620957,0.0,0.0,0.0,8679.026604939,-4.440892098500626e-16,0.0,0.0,6656.647232815577,-6.661338147750939e-16,0.0075,2.0,14005.90110016394,1.9999999999999998,0.0,0.0,8598.096438265722,8.881784197001252e-16,0.0,0.0,5571.007933443977,-2.220446049250313e-16,0.0,0.0,4857.879077347298,-2.220446049250313e-16,0.0,0.0,1349.6108540193604,0.0,0.0,0.0,7385.183973020434,-2.220446049250313e-16,0.0,0.0,5131.957533815587,0.0,0.0075,1917.532089983972,64716.062778451844,0.2,6471.606277843416
940.0,38.0,0.8085106382978723,19008727.0,232032.9140656109,0.0,2.0,2482.752030620957,2.0,0.0,0.0,8679.026604939,-4.440892098500626e-16,0.0,0.0,6656.647232815577,-6.661338147750939e-16,0.0077777777777777776,0.0,14005.90110016394,-2.220446049250313e-16,0.0,2.0,8600.096438265722,2.000000000000001,0.0,0.0,5571.007933443977,-2.220446049250313e-16,0.0,0.0,4857.879077347298,-2.220446049250313e-16,0.0,0.0,1349.6108540193604,0.0,0.0,0.0,7385.183973020434,-2.220446049250313e-16,0.0,0.0,5131.957533815587,0.0,0.0077777777777777776,1917.532089983972,64720.062778451844,0.4,6472.006277843416
941.0,40.0,0.8695652173913043,19008767.0,232033.7836308283,0.0,0.0,2482.752030620957,0.0,0.0,0.0,8679.026604939,-4.440892098500626e-16,0.0,0.0,6656.647232815577,-6.661338147750939e-16,0.008055555555555555,0.0,14005.90110016394,-2.220446049250313e-16,0.0,0.0,8600.096438265722,8.881784197001252e-16,0.0,0.0,5571.007933443977,-2.220446049250313e-16,0.0,0.0,4857.879077347298,-2.220446049250313e-16,0.0,0.0,1349.6108540193604,0.0,0.0,0.0,7385.183973020434,-2.220446049250313e-16,0.0,0.0,5131.957533815587,0.0,0.008055555555555555,1917.532089983972,64720.062778451844,0.0,6472.006277843416
942.0,42.0,0.9130434782608695,19008809.0,232034.69667430656,0.0,0.0,2482.752030620957,0.0,0.0,0.0,8679.026604939,-4.440892098500626e-16,0.0,0.0,6656.647232815577,-6.661338147750939e-16,0.008333333333333333,0.0,14005.90110016394,-2.220446049250313e-16,0.0,0.0,8600.096438265722,8.881784197001252e-16,0.0,0.0,5571.007933443977,-2.220446049250313e-16,0.0,0.0,4857.879077347298,-2.220446049250313e-16,0.0,0.0,1349.6108540193604,0.0,0.0,0.0,7385.183973020434,-2.220446049250313e-16,0.0,0.0,5131.957533815587,0.0,0.008333333333333333,1917.532089983972,64720.062778451844,0.0,6472.006277843416
943.0,31.0,0.6739130434782609,19008840.0,232035.37058735004,0.0,0.0,2482.752030620957,0.0,0.0,0.0,8679.026604939,-4.440892098500626e-16,0.0,0.0,6656.647232815577,-6.661338147750939e-16,0.008611111111111111,0.0,14005.90110016394,-2.220446049250313e-16,0.0,1.6482760961048006,8601.744714361826,1.6482760961048015,0.0,0.0,5571.007933443977,-2.220446049250313e-16,0.0,0.0,4857.879077347298,-2.220446049250313e-16,0.0,0.0,1349.6108540193604,0.0,0.0,0.0,7385.183973020434,-2.220446049250313e-16,0.0,0.0,5131.957533815587,0.0,0.008611111111111111,1917.532089983972,64721.71105454795,0.16482760961048007,6472.171105453026
944.0,32.0,0.6956521739130435,19008872.0,232036.06623952396,0.0,0.0,2482.752030620957,0.0,0.0,0.0,8679.026604939,-4.440892098500626e-16,0.0,2.0,6658.647232815577,1.9999999999999993,0.008888888888888889,0.0,14005.90110016394,-2.220446049250313e-16,0.0,0.0,8601.744714361826,8.881784197001252e-16,0.0,0.0,5571.007933443977,-2.220446049250313e-16,0.0,0.0,4857.879077347298,-2.220446049250313e-16,0.0,0.0,1349.6108540193604,0.0,0.0,0.0,7385.183973020434,-2.220446049250313e-16,0.0,0.0,5131.957533815587,0.0,0.008888888888888889,1917.532089983972,64723.71105454795,0.2,6472.371105453026
945.0,33.0,0.7333333333333333,19008905.0,232036.7995728573,0.0,0.0,2482.752030620957,0.0,0.0,0.0,8679.026604939,-4.440892098500626e-16,0.0,0.0,6658.647232815577,-6.661338147750939e-16,0.009166666666666667,2.0,14007.90110016394,1.9999999999999998,0.0,0.0,8601.744714361826,8.881784197001252e-16,0.0,0.0,5571.007933443977,-2.220446049250313e-16,0.0,0.0,4857.879077347298,-2.220446049250313e-16,0.0,0.0,1349.6108540193604,0.0,0.0,0.0,7385.183973020434,-2.220446049250313e-16,0.0,0.0,5131.957533815587,0.0,0.009166666666666667,1917.532089983972,64725.71105454795,0.2,6472.571105453026
946.0,34.0,0.7555555555555555,19008939.0,232037.55512841285,0.0,0.0,2482.752030620957,0.0,0.0,0.0,8679.026604939,-4.440892098500626e-16,0.0,0.0,6658.647232815577,-6.661338147750939e-16,0.009444444444444445,2.0,14009.90110016394,1.9999999999999998,0.0,0.0,8601.744714361826,8.881784197001252e-16,0.0,0.0,5571.007933443977,-2.220446049250313e-16,0.0,0.0,4857.879077347298,-2.220446049250313e-16,0.0,0.0,1349.6108540193604,0.0,0.0,0.0,7385.183973020434,-2.220446049250313e-16,0.0,0.0,5131.957533815587,0.0,0.009444444444444445,1917.532089983972,64727.71105454795,0.2,6472.7711054530255
947.0,35.0,0.7777777777777778,19008974.0,232038.33290619063,0.0,0.0,2482.752030620957,0.0,0.0,0.0,8679.026604939,-4.440892098500626e-16,0.0,2.0,6660.647232815577,1.9999999999999993,0.009722222222222222,0.0,14009.90110016394,-2.220446049250313e-16,0.0,0.0,8601.744714361826,8.881784197001252e-16,0.0,0.0,5571.007933443977,-2.220446049250313e-16,0.0,0.0,4857.879077347298,-2.220446049250313e-16,0.0,0.0,1349.6108540193604,0.0,0.0,0.0,7385.183973020434,-2.220446049250313e-16,0.0,0.0,5131.957533815587,0.0,0.009722222222222222,1917.532089983972,64729.71105454795,0.2,6472.971105453025
948.0,37.0,0.8409090909090909,19009011.0,232039.17381528154,0.0,0.0,2482.752030620957,0.0,0.0,0.0,8679.026604939,-4.440892098500626e-16,0.0,0.0,6660.647232815577,-6.661338147750939e-16,0.01,0.0,14009.90110016394,-2.220446049250313e-16,0.0,0.0,8601.744714361826,8.881784197001252e-16,0.0,0.0,5571.007933443977,-2.220446049250313e-16,0.0,0.0,4857.879077347298,-2.220446049250313e-16,0.0,0.0,1349.6108540193604,0.0,0.0,0.0,7385.183973020434,-2.220446049250313e-16,0.0,0.0,5131.957533815587,0.0,0.01,1917.532089983972,64729.71105454795,0.0,6472.971105453025
949.0,39.0,0.8863636363636364,19009050.0,232040.0601789179,0.0,0.0,2482.752030620957,0.0,0.0,0.0,8679.026604939,-4.440892098500626e-16,0.0,0.0,6660.647232815577,-6.661338147750939e-16,0.010277777777777778,0.0,14009.90110016394,-2.220446049250313e-16,0.0,0.0,8601.744714361826,8.881784197001252e-16,0.0,0.0,5571.007933443977,-2.220446049250313e-16,0.0,0.0,4857.879077347298,-2.220446049250313e-16,0.0,0.0,1349.6108540193604,0.0,0.0,0.0,7385.183973020434,-2.220446049250313e-16,0.0,0.0,5131.957533815587,0.0,0.010277777777777778,1917.532089983972,64729.71105454795,0.0,6472.971105453025
950.0,41.0,0.9534883720930233,19009091.0,232041.01366728998,0.0,0.0,2482.752030620957,0.0,0.0,0.0,8679.026604939,-4.440892098500626e-16,0.0,0.0,6660.647232815577,-6.661338147750939e-16,0.010555555555555556,0.0,14009.90110016394,-2.220446049250313e-16,0.0,0.0,8601.744714361826,8.881784197001252e-16,0.0,0.0,5571.007933443977,-2.220446049250313e-16,0.0,0.0,4857.879077347298,-2.220446049250313e-16,0.0,0.0,1349.6108540193604,0.0,0.0,0.0,7385.183973020434,-2.220446049250313e-16,0.0,0.0,5131.957533815587,0.0,0.010555555555555556,1917.532089983972,64729.71105454795,0.0,6472.971105453025
951.0,43.0,1.0,19009134.0,232042.01366728998,0.0,0.0,2482.752030620957,0.0,0.0,0.0,8679.026604939,-4.440892098500626e-16,0.0,0.0,6660.647232815577,-6.661338147750939e-16,0.010833333333333334,0.0,14009.90110016394,-2.220446049250313e-16,0.0,0.0,8601.744714361826,8.881784197001252e-16,0.0,0.0,5571.007933443977,-2.220446049250313e-16,0.0,0.0,4857.879077347298,-2.220446049250313e-16,0.0,0.0,1349.6108540193604,0.0,0.0,0.0,7385.183973020434,-2.220446049250313e-16,0.0,0.0,5131.957533815587,0.0,0.010833333333333334,1917.532089983972,64729.71105454795,0.0,6472.971105453025
952.0,45.0,1.0465116279069768,19009179.0,232043.0601789179,0.0,0.0,2482.752030620957,0.0,0.0,0.0,8679.026604939,-4.440892098500626e-16,0.0,0.0,6660.647232815577,-6.661338147750939e-16,0.011111111111111112,0.0,14009.90110016394,-2.220446049250313e-16,0.0,0.0,8601.744714361826,8.881784197001252e-16,0.0,0.0,5571.007933443977,-2.220446049250313e-16,0.0,0.0,4857.879077347298,-2.220446049250313e-16,0.0,0.0,1349.6108540193604,0.0,0.0,0.0,7385.183973020434,-2.220446049250313e-16,0.0,0.0,5131.957533815587,0.0,0.011111111111111112,1917.532089983972,64729.71105454795,0.0,6472.971105453025
953.0,47.0,1.0930232558139534,19009226.0,232044.1532021737,0.0,0.0,2482.752030620957,0.0,0.0,0.0,8679.026604939,-4.440892098500626e-16,0.0,0.0,6660.647232815577,-6.661338147750939e-16,0.01138888888888889,0.0,14009.90110016394,-2.220446049250313e-16,0.0,0.0,8601.744714361826,8.881784197001252e-16,0.0,0.0,5571.007933443977,-2.220446049250313e-16,0.0,0.0,4857.879077347298,-2.220446049250313e-16,0.0,0.0,1349.6108540193604,0.0,0.0,0.0,7385.183973020434,-2.220446049250313e-16,0.0,0.0,5131.957533815587,0.0,0.01138888888888889,1917.532089983972,64729.71105454795,0.0,6472.971105453025
954.0,42.0,0.9767441860465116,19009268.0,232045.12994635975,0.0,0.0,2482.752030620957,0.0,0.0,0.0,8679.026604939,-4.440892098500626e-16,0.0,0.0,6660.647232815577,-6.661338147750939e-16,0.011666666666666667,0.0,14009.90110016394,-2.220446049250313e-16,0.0,0.0,8601.744714361826,8.881784197001252e-16,0.0,0.0,5571.007933443977,-2.220446049250313e-16,0.0,0.0,4857.879077347298,-2.220446049250313e-16,0.0,2.0,1351.6108540193604,2.0,0.0,0.8909874779127501,7386.074960498347,0.8909874779127499,0.0,0.0,5131.957533815587,0.0,0.011666666666666667,1917.532089983972,64732.60204202587,0.28909874779127503,6473.260204200817
955.0,43.0,1.0,19009311.0,232046.12994635975,0.0,0.0,2482.752030620957,0.0,0.0,0.0,8679.026604939,-4.440892098500626e-16,0.0,0.0,6660.647232815577,-6.661338147750939e-16,0.011944444444444445,2.0,14011.90110016394,1.9999999999999998,0.0,0.0,8601.744714361826,8.881784197001252e-16,0.0,0.0,5571.007933443977,-2.220446049250313e-16,0.0,2.0,4859.879077347298,1.9999999999999998,0.0,0.0,1351.6108540193604,0.0,0.0,1.9287180730833184,7388.00367857143,1.928718073083318,0.0,0.0,5131.957533815587,0.0,0.011944444444444445,1917.532089983972,64738.530760098954,0.5928718073083319,6473.853076008125
956.0,44.0,1.0232558139534884,19009355.0,232047.1532021737,0.0,0.0,2482.752030620957,0.0,0.0,0.0,8679.026604939,-4.440892098500626e-16,0.0,0.0,6660.647232815577,-6.661338147750939e-16,0.012222222222222223,0.0,14011.90110016394,-2.220446049250313e-16,0.0,0.0,8601.744714361826,8.881784197001252e-16,0.0,0.0,5571.007933443977,-2.220446049250313e-16,0.0,0.0,4859.879077347298,-2.220446049250313e-16,0.0,0.0,1351.6108540193604,0.0,0.0,0.0,7388.00367857143,-4.440892098500626e-16,0.0,1.9259927634239098,5133.883526579011,1.9259927634239098,0.012222222222222223,1917.532089983972,64740.45675286238,0.192599276342391,6474.0456752844675
957.0,45.0,1.0465116279069768,19009400.0,232048.19971380162,0.0,0.0,2482.752030620957,0.0,0.0,0.0,8679.026604939,-4.440892098500626e-16,0.0,0.0,6660.647232815577,-6.661338147750939e-16,0.0125,0.0,14011.90110016394,-2.220446049250313e-16,0.0,0.0,8601.744714361826,8.881784197001252e-16,0.0,0.0,5571.007933443977,-2.220446049250313e-16,0.0,0.0,4859.879077347298,-2.220446049250313e-16,0.0,0.0,1351.6108540193604,0.0,0.0,0.0,7388.00367857143,-4.440892098500626e-16,0.0,0.8716089853196202,5134.755135564331,0.8716089853196203,0.0125,1917.532089983972,64741.3283618477,0.08716089853196202,6474.132836182999
958.0,46.0,1.069767441860465,19009446.0,232049.26948124348,0.0,0.0,2482.752030620957,0.0,0.0,0.0,8679.026604939,-4.440892098500626e-16,0.0,0.0,6660.647232815577,-6.661338147750939e-16,0.012777777777777779,0.0,14011.90110016394,-2.220446049250313e-16,0.0,0.0,8601.744714361826,8.881784197001252e-16,0.0,0.0,5571.007933443977,-2.220446049250313e-16,0.0,0.0,4859.879077347298,-2.220446049250313e-16,0.0,0.0,1351.6108540193604,0.0,0.0,0.0,7388.00367857143,-4.440892098500626e-16,0.0,0.0,5134.755135564331,1.1102230246251565e-16,0.012777777777777779,1917.532089983972,64741.3283618477,0.0,6474.132836182999
959.0,47.0,1.0930232558139534,19009493.0,232050.3625044993,0.0,0.0,2482.752030620957,0.0,0.0,0.0,8679.026604939,-4.440892098500626e-16,0.0,0.0,6660.647232815577,-6.661338147750939e-16,0.013055555555555556,0.0,14011.90110016394,-2.220446049250313e-16,0.0,0.0,8601.744714361826,8.881784197001252e-16,0.0,0.0,5571.007933443977,-2.220446049250313e-16,0.0,1.377652497559777,4861.2567298448585,1.3776524975597768,0.0,0.0,1351.6108540193604,0.0,0.0,0.0,7388.00367857143,-4.440892098500626e-16,0.0,0.0,5134.755135564331,1.1102230246251565e-16,0.013055555555555556,1917.532089983972,64742.706014345255,0.1377652497559777,6474.270601432755
960.0,48.0,1.1162790697674418,19009541.0,232051.47878356907,0.0,0.0,2482.752030620957,0.0,0.0,0.0,8679.026604939,-4.440892098500626e-16,0.0,0.0,6660.647232815577,-6.661338147750939e-16,0.013333333333333334,0.0,14011.90110016394,-2.220446049250313e-16,0.0,0.0,8601.744714361826,8.881784197001252e-16,0.0,0.0,5571.007933443977,-2.220446049250313e-16,0.0,0.0,4861.2567298448585,-2.220446049250313e-16,0.0,0.0,1351.6108540193604,0.0,0.0,0.0,7388.00367857143,-4.440892098500626e-16,0.0,0.0,5134.755135564331,1.1102230246251565e-16,0.013333333333333334,1917.532089983972,64742.706014345255,0.0,6474.270601432755
961.0,50.0,1.0204081632653061,19009591.0,232052.49919173232,0.0,0.0,2482.752030620957,0.0,0.0,0.0,8679.026604939,-4.440892098500626e-16,0.0,0.0,6660.647232815577,-6.661338147750939e-16,0.01361111111111111,0.0,14011.90110016394,-2.220446049250313e-16,0.0,0.0,8601.744714361826,8.881784197001252e-16,0.0,0.0,5571.007933443977,-2.220446049250313e-16,0.0,0.0,4861.2567298448585,-2.220446049250313e-16,0.0,0.0,1351.6108540193604,0.0,0.0,0.0,7388.00367857143,-4.440892098500626e-16,0.0,0.0,5134.755135564331,1.1102230246251565e-16,0.01361111111111111,1917.532089983972,64742.706014345255,0.0,6474.270601432755
962.0,53.0,1.0816326530612246,19009644.0,232053.58082438537,0.0,0.0,2482.752030620957,0.0,0.0,1.025,8680.051604938999,1.0249999999999995,0.0,0.0,6660.647232815577,-6.661338147750939e-16,0.013888888888888888,0.0,14011.90110016394,-2.220446049250313e-16,0.0,0.0,8601.744714361826,8.881784197001252e-16,0.0,2.0,5573.007933443977,1.9999999999999998,0.0,0.0,4861.2567298448585,-2.220446049250313e-16,0.0,0.0,1351.6108540193604,0.0,0.0,0.0,7388.00367857143,-4.440892098500626e-16,0.0,0.0,5134.755135564331,1.1102230246251565e-16,0.013888888888888888,1917.532089983972,64745.731014345256,0.3025,6474.573101432755
963.0,56.0,1.1428571428571428,19009700.0,232054.72368152824,0.0,0.0,2482.752030620957,0.0,0.0,0.0,8680.051604938999,-4.440892098500626e-16,0.0,0.0,6660.647232815577,-6.661338147750939e-16,0.014166666666666666,0.0,14011.90110016394,-2.220446049250313e-16,0.0,0.0,8601.744714361826,8.881784197001252e-16,0.0,0.0,5573.007933443977,-2.220446049250313e-16,0.0,0.0,4861.2567298448585,-2.220446049250313e-16,0.0,0.0,1351.6108540193604,0.0,0.0,0.0,7388.00367857143,-4.440892098500626e-16,0.0,0.0,5134.755135564331,1.1102230246251565e-16,0.014166666666666666,1917.532089983972,64745.731014345256,0.0,6474.573101432755
964.0,59.0,1.2040816326530612,19009759.0,232055.9277631609,0.0,0.0,2482.752030620957,0.0,0.0,0.0,8680.051604938999,-4.440892098500626e-16,0.0,0.0,6660.647232815577,-6.661338147750939e-16,0.014444444444444444,2.0,14013.90110016394,1.9999999999999998,0.0,0.0,8601.744714361826,8.881784197001252e-16,0.0,0.0,5573.007933443977,-2.220446049250313e-16,0.0,0.0,4861.2567298448585,-2.220446049250313e-16,0.0,0.0,1351.6108540193604,0.0,0.0,0.0,7388.00367857143,-4.440892098500626e-16,0.0,0.0,5134.755135564331,1.1102230246251565e-16,0.014444444444444444,1917.532089983972,64747.731014345256,0.2,6474.773101432755
965.0,57.0,1.163265306122449,19009816.0,232057.09102846702,0.0,1.5431434464528968,2484.2951740674102,1.5431434464528968,0.0,0.0,8680.051604938999,-4.440892098500626e-16,0.0,2.0,6662.647232815577,1.9999999999999993,0.014722222222222222,0.0,14013.90110016394,-2.220446049250313e-16,0.0,0.0,8601.744714361826,8.881784197001252e-16,0.0,0.0,5573.007933443977,-2.220446049250313e-16,0.0,0.0,4861.2567298448585,-2.220446049250313e-16,0.0,0.0,1351.6108540193604,0.0,0.0,0.0,7388.00367857143,-4.440892098500626e-16,0.0,0.0,5134.755135564331,1.1102230246251565e-16,0.014722222222222222,1917.532089983972,64751.27415779171,0.35431434464528966,6475.1274157774
966.0,55.0,1.1224489795918366,19009871.0,232058.2134774466,0.0,0.0,2484.2951740674102,0.0,0.0,2.0,8682.051604938999,1.9999999999999996,0.0,0.0,6662.647232815577,-6.661338147750939e-16,0.015,2.0,14015.90110016394,1.9999999999999998,0.0,0.0,8601.744714361826,8.881784197001252e-16,0.0,0.0,5573.007933443977,-2.220446049250313e-16,0.0,0.0,4861.2567298448585,-2.220446049250313e-16,0.0,0.0,1351.6108540193604,0.0,0.0,0.0,7388.00367857143,-4.440892098500626e-16,0.0,0.0,5134.755135564331,1.1102230246251565e-16,0.015,1917.532089983972,64755.27415779171,0.4,6475.527415777399
967.0,57.0,1.163265306122449,19009928.0,232059.37674275273,0.0,0.0,2484.2951740674102,0.0,0.0,0.0,8682.051604938999,-4.440892098500626e-16,0.0,0.0,6662.647232815577,-6.661338147750939e-16,0.015277777777777777,0.0,14015.90110016394,-2.220446049250313e-16,0.0,0.0,8601.744714361826,8.881784197001252e-16,0.0,0.0,5573.007933443977,-2.220446049250313e-16,0.0,0.0,4861.2567298448585,-2.220446049250313e-16,0.0,0.0,1351.6108540193604,0.0,0.0,0.0,7388.00367857143,-4.440892098500626e-16,0.0,0.0,5134.755135564331,1.1102230246251565e-16,0.015277777777777777,1917.532089983972,64755.27415779171,0.0,6475.527415777399
968.0,60.0,1.2244897959183674,19009988.0,232060.60123254865,0.0,0.0,2484.2951740674102,0.0,0.0,0.0,8682.051604938999,-4.440892098500626e-16,0.0,0.0,6662.647232815577,-6.661338147750939e-16,0.015555555555555555,0.0,14015.90110016394,-2.220446049250313e-16,0.0,0.0,8601.744714361826,8.881784197001252e-16,0.0,0.0,5573.007933443977,-2.220446049250313e-16,0.0,0.0,4861.2567298448585,-2.220446049250313e-16,0.0,0.0,1351.6108540193604,0.0,0.0002777777777777778,0.0,7388.00367857143,-4.440892098500626e-16,0.0,0.0,5134.755135564331,1.1102230246251565e-16,0.01583333333333333,1917.532089983972,64755.27415779171,0.0,6475.527415777399
969.0,57.0,1.1875,19010045.0,232061.78873254865,0.0,0.0,2484.2951740674102,0.0,0.0,0.0,8682.051604938999,-4.440892098500626e-16,0.0,0.0,6662.647232815577,-6.661338147750939e-16,0.015833333333333335,0.0,14015.90110016394,-2.220446049250313e-16,0.0,0.0,8601.744714361826,8.881784197001252e-16,0.0,0.0,5573.007933443977,-2.220446049250313e-16,0.0,0.0,4861.2567298448585,-2.220446049250313e-16,0.0,0.0,1351.6108540193604,0.0,0.0,0.0,7388.00367857143,-4.440892098500626e-16,0.0,0.0,5134.755135564331,1.1102230246251565e-16,0.015833333333333335,1917.532089983972,64755.27415779171,0.0,6475.527415777399
970.0,59.0,1.2826086956521738,19010104.0,232063.0713412443,0.0,0.0,2484.2951740674102,0.0,0.0,0.0,8682.051604938999,-4.440892098500626e-16,0.0,1.5301302058030832,6664.17736302138,1.5301302058030826,0.01611111111111111,1.6950495254973255,14017.596149689436,1.6950495254973252,0.0,2.0,8603.744714361826,2.000000000000001,0.0,0.0,5573.007933443977,-2.220446049250313e-16,0.0,0.0,4861.2567298448585,-2.220446049250313e-16,0.0,0.0,1351.6108540193604,0.0,0.0,0.0,7388.00367857143,-4.440892098500626e-16,0.0,0.0,5134.755135564331,1.1102230246251565e-16,0.01611111111111111,1917.532089983972,64760.49933752301,0.5225179731300409,6476.049933750529
971.0,61.0,1.326086956521739,19010165.0,232064.3974282008,0.0,0.0,2484.2951740674102,0.0,0.0,0.0,8682.051604938999,-4.440892098500626e-16,0.0,0.0,6664.17736302138,-6.661338147750939e-16,0.01638888888888889,2.0,14019.596149689436,1.9999999999999998,0.0,1.3268215761599924,8605.071535937986,1.3268215761599933,0.0,0.0,5573.007933443977,-2.220446049250313e-16,0.0,0.0,4861.2567298448585,-2.220446049250313e-16,0.0,0.0,1351.6108540193604,0.0,0.0,0.0,7388.00367857143,-4.440892098500626e-16,0.0,0.0,5134.755135564331,1.1102230246251565e-16,0.01638888888888889,1917.532089983972,64763.826159099175,0.33268215761599923,6476.3826159081445
972.0,61.0,1.326086956521739,19010226.0,232065.72351515733,0.0,0.0,2484.2951740674102,0.0,0.0,0.0,8682.051604938999,-4.440892098500626e-16,0.0,0.0,6664.17736302138,-6.661338147750939e-16,0.016666666666666666,0.0,14019.596149689436,-2.220446049250313e-16,0.0,0.0,8605.071535937986,8.881784197001252e-16,0.0,0.0,5573.007933443977,-2.220446049250313e-16,0.0,0.0,4861.2567298448585,-2.220446049250313e-16,0.0,0.0,1351.6108540193604,0.0,0.0,2.0,7390.00367857143,1.9999999999999996,0.0,0.0,5134.755135564331,1.1102230246251565e-16,0.016666666666666666,1917.532089983972,64765.826159099175,0.2,6476.582615908144
973.0,63.0,1.3695652173913044,19010289.0,232067.0930803747,0.0,0.0,2484.2951740674102,0.0,0.0,0.0,8682.051604938999,-4.440892098500626e-16,0.0,0.0,6664.17736302138,-6.661338147750939e-16,0.016944444444444446,0.0,14019.596149689436,-2.220446049250313e-16,0.0,0.0,8605.071535937986,8.881784197001252e-16,0.0,0.0,5573.007933443977,-2.220446049250313e-16,0.0,0.0,4861.2567298448585,-2.220446049250313e-16,0.0,0.0,1351.6108540193604,0.0,0.0,0.0,7390.00367857143,-4.440892098500626e-16,0.0,0.0,5134.755135564331,1.1102230246251565e-16,0.016944444444444446,1917.532089983972,64765.826159099175,0.0,6476.582615908144
974.0,65.0,1.4130434782608696,19010354.0,232068.50612385297,0.0,0.0,2484.2951740674102,0.0,0.0,0.0,8682.051604938999,-4.440892098500626e-16,0.0,0.0,6664.17736302138,-6.661338147750939e-16,0.017222222222222222,0.0,14019.596149689436,-2.220446049250313e-16,0.0,0.0,8605.071535937986,8.881784197001252e-16,0.0,0.0,5573.007933443977,-2.220446049250313e-16,0.0,0.0,4861.2567298448585,-2.220446049250313e-16,0.0,0.0,1351.6108540193604,0.0,0.0,2.0,7392.00367857143,1.9999999999999996,0.0,2.0,5136.755135564331,2.0,0.017222222222222222,1917.532089983972,64769.826159099175,0.4,6476.982615908144
975.0,63.0,1.3695652173913044,19010417.0,232069.87568907035,0.0,0.0,2484.2951740674102,0.0,0.0,0.0,8682.051604938999,-4.440892098500626e-16,0.0,0.0,6664.17736302138,-6.661338147750939e-16,0.0175,0.0,14019.596149689436,-2.220446049250313e-16,0.0,0.0,8605.071535937986,8.881784197001252e-16,0.0,0.0,5573.007933443977,-2.220446049250313e-16,0.0,0.0,4861.2567298448585,-2.220446049250313e-16,0.0,0.0,1351.6108540193604,0.0,0.0,0.0,7392.00367857143,-4.440892098500626e-16,0.0,0.0,5136.755135564331,0.0,0.0175,1917.532089983972,64769.826159099175,0.0,6476.982615908144
976.0,64.0,1.391304347826087,19010481.0,232071.2669934182,0.0,0.0,2484.2951740674102,0.0,0.0,0.0,8682.051604938999,-4.440892098500626e-16,0.0,0.0,6664.17736302138,-6.661338147750939e-16,0.017777777777777778,0.0,14019.596149689436,-2.220446049250313e-16,0.0,0.0,8605.071535937986,8.881784197001252e-16,0.0,1.4787315662390315,5574.486665010216,1.4787315662390312,0.0,0.0,4861.2567298448585,-2.220446049250313e-16,0.0,0.0,1351.6108540193604,0.0,0.0,0.0,7392.00367857143,-4.440892098500626e-16,0.0,0.0,5136.755135564331,0.0,0.017777777777777778,1917.532089983972,64771.304890665415,0.14787315662390316,6477.130489064768
977.0,65.0,1.4130434782608696,19010546.0,232072.68003689646,0.0,0.0,2484.2951740674102,0.0,0.0,0.0,8682.051604938999,-4.440892098500626e-16,0.0,0.0,6664.17736302138,-6.661338147750939e-16,0.018055555555555554,0.0,14019.596149689436,-2.220446049250313e-16,0.0,0.0,8605.071535937986,8.881784197001252e-16,0.0,0.0,5574.486665010216,-2.220446049250313e-16,0.0,0.0,4861.2567298448585,-2.220446049250313e-16,0.0,0.0,1351.6108540193604,0.0,0.0,0.0,7392.00367857143,-4.440892098500626e-16,0.0,0.0,5136.755135564331,0.0,0.018055555555555554,1917.532089983972,64771.304890665415,0.0,6477.130489064768
978.0,66.0,1.434782608695652,19010612.0,232074.11481950516,0.0,0.0,2484.2951740674102,0.0,0.0,0.0,8682.051604938999,-4.440892098500626e-16,0.0,0.0,6664.17736302138,-6.661338147750939e-16,0.018333333333333333,0.0,14019.596149689436,-2.220446049250313e-16,0.0,1.9996465422109626,8607.071182480198,1.9996465422109635,0.0,0.0,5574.486665010216,-2.220446049250313e-16,0.0,0.0,4861.2567298448585,-2.220446049250313e-16,0.0,0.0,1351.6108540193604,0.0,0.0,0.0,7392.00367857143,-4.440892098500626e-16,0.0,0.0,5136.755135564331,0.0,0.018333333333333333,1917.532089983972,64773.304537207616,0.19996465422109627,6477.330453718989
979.0,67.0,1.4565217391304348,19010679.0,232075.5713412443,0.0,0.0,2484.2951740674102,0.0,0.0,0.0,8682.051604938999,-4.440892098500626e-16,0.0,0.0,6664.17736302138,-6.661338147750939e-16,0.01861111111111111,0.0,14019.596149689436,-2.220446049250313e-16,0.0,0.0,8607.071182480198,8.881784197001252e-16,0.0,0.0,5574.486665010216,-2.220446049250313e-16,0.0,0.0,4861.2567298448585,-2.220446049250313e-16,0.0,0.0,1351.6108540193604,0.0,0.0,0.0,7392.00367857143,-4.440892098500626e-16,0.0,0.0,5136.755135564331,0.0,0.01861111111111111,1917.532089983972,64773.304537207616,0.0,6477.330453718989
980.0,68.0,1.4782608695652173,19010747.0,232077.04960211387,0.0,0.0,2484.2951740674102,0.0,0.0,0.7543760552397535,8682.805980994239,0.754376055239753,0.0,0.0,6664.17736302138,-6.661338147750939e-16,0.01888888888888889,0.0,14019.596149689436,-2.220446049250313e-16,0.0,0.0,8607.071182480198,8.881784197001252e-16,0.0,0.0,5574.486665010216,-2.220446049250313e-16,0.0,0.0,4861.2567298448585,-2.220446049250313e-16,0.0,0.0,1351.6108540193604,0.0,0.0,0.0,7392.00367857143,-4.440892098500626e-16,0.0,0.0,5136.755135564331,0.0,0.01888888888888889,1917.532089983972,64774.05891326285,0.07543760552397535,6477.405891324513
981.0,69.0,1.5,19010816.0,232078.54960211387,0.0,0.0,2484.2951740674102,0.0,0.0,0.0,8682.805980994239,-4.440892098500626e-16,0.0,0.0,6664.17736302138,-6.661338147750939e-16,0.019166666666666665,0.0,14019.596149689436,-2.220446049250313e-16,0.0,0.0,8607.071182480198,8.881784197001252e-16,0.0,0.0,5574.486665010216,-2.220446049250313e-16,0.0,0.0,4861.2567298448585,-2.220446049250313e-16,0.0,0.0,1351.6108540193604,0.0,0.0,0.0,7392.00367857143,-4.440892098500626e-16,0.0,0.0,5136.755135564331,0.0,0.019166666666666665,1917.532089983972,64774.05891326285,0.0,6477.405891324513
982.0,70.0,1.5217391304347827,19010886.0,232080.0713412443,0.0,0.0,2484.2951740674102,0.0,0.0,0.0,8682.805980994239,-4.440892098500626e-16,0.0,0.0,6664.17736302138,-6.661338147750939e-16,0.019444444444444445,0.0,14019.596149689436,-2.220446049250313e-16,0.0,0.0,8607.071182480198,8.881784197001252e-16,0.0,0.0,5574.486665010216,-2.220446049250313e-16,0.0,1.8241254568425906,4863.080855301701,1.8241254568425904,0.0,0.0,1351.6108540193604,0.0,0.0,0.0,7392.00367857143,-4.440892098500626e-16,0.0,0.0,5136.755135564331,0.0,0.019444444444444445,1917.532089983972,64775.883038719694,0.18241254568425908,6477.588303870197
983.0,73.0,1.5869565217391304,19010959.0,232081.65829776603,0.0,0.0,2484.2951740674102,0.0,0.0,0.0,8682.805980994239,-4.440892098500626e-16,0.0,0.0,6664.17736302138,-6.661338147750939e-16,0.02,0.0,14019.596149689436,-2.220446049250313e-16,0.0,0.0,8607.071182480198,8.881784197001252e-16,0.0,0.0,5574.486665010216,-2.220446049250313e-16,0.0,0.0,4863.080855301701,-2.220446049250313e-16,0.0,0.0,1351.6108540193604,0.0,0.0,2.0,7394.00367857143,1.9999999999999996,0.0,0.0,5136.755135564331,0.0,0.02,1917.532089983972,64777.883038719694,0.2,6477.788303870197
984.0,73.0,1.6222222222222222,19011032.0,232083.28051998824,0.0,0.0,2484.2951740674102,0.0,0.0,0.0,8682.805980994239,-4.440892098500626e-16,0.0,0.0,6664.17736302138,-6.661338147750939e-16,0.02,0.0,14019.596149689436,-2.220446049250313e-16,0.0,0.0,8607.071182480198,8.881784197001252e-16,0.0,0.0,5574.486665010216,-2.220446049250313e-16,0.0,0.0,4863.080855301701,-2.220446049250313e-16,0.0,0.0,1351.6108540193604,0.0,0.0,0.0,7394.00367857143,-4.440892098500626e-16,0.0,2.0,5138.755135564331,2.0,0.02,1917.532089983972,64779.883038719694,0.2,6477.988303870196
985.0,4.0,0.08888888888888889,19011036.0,232083.36940887713,0.0,0.0,2484.2951740674102,0.0,0.0,0.0,8682.805980994239,-4.440892098500626e-16,0.0,0.0,6664.17736302138,-6.661338147750939e-16,0.0,0.0,14019.596149689436,-2.220446049250313e-16,0.0,0.0,8607.071182480198,8.881784197001252e-16,0.0,0.0,5574.486665010216,-2.220446049250313e-16,0.0,0.0,4863.080855301701,-2.220446049250313e-16,0.0,0.0,1351.6108540193604,0.0,0.0,0.0,7394.00367857143,-4.440892098500626e-16,0.0,0.0,5138.755135564331,0.0,0.0,1917.532089983972,64779.883038719694,0.0,6477.988303870196
986.0,8.0,0.18181818181818182,19011044.0,232083.55122705895,0.0,0.0,2484.2951740674102,0.0,0.0,0.0,8682.805980994239,-4.440892098500626e-16,0.0,0.0,6664.17736302138,-6.661338147750939e-16,0.0,0.0,14019.596149689436,-2.220446049250313e-16,0.0,0.0,8607.071182480198,8.881784197001252e-16,0.0,0.0,5574.486665010216,-2.220446049250313e-16,0.0,0.0,4863.080855301701,-2.220446049250313e-16,0.0,0.0,1351.6108540193604,0.0,0.0,0.0,7394.00367857143,-4.440892098500626e-16,0.0,0.0,5138.755135564331,0.0,0.0,1917.532089983972,64779.883038719694,0.0,6477.988303870196
987.0,13.0,0.29545454545454547,19011057.0,232083.8466816044,0.0,0.0,2484.2951740674102,0.0,0.0,0.0,8682.805980994239,-4.440892098500626e-16,0.0,0.0,6664.17736302138,-6.661338147750939e-16,0.0,0.0,14019.596149689436,-2.220446049250313e-16,0.0,0.0,8607.071182480198,8.881784197001252e-16,0.0,0.0,5574.486665010216,-2.220446049250313e-16,0.0,0.0,4863.080855301701,-2.220446049250313e-16,0.0,0.0,1351.6108540193604,0.0,0.0,0.0,7394.00367857143,-4.440892098500626e-16,0.0,0.0,5138.755135564331,0.0,0.0,1917.532089983972,64779.883038719694,0.0,6477.988303870196
988.0,20.0,0.45454545454545453,19011077.0,232084.30122705895,0.0,0.0,2484.2951740674102,0.0,0.0,0.0,8682.805980994239,-4.440892098500626e-16,0.0,0.0,6664.17736302138,-6.661338147750939e-16,0.0,0.0,14019.596149689436,-2.220446049250313e-16,0.0,0.0,8607.071182480198,8.881784197001252e-16,0.0,0.0,5574.486665010216,-2.220446049250313e-16,0.0,0.0,4863.080855301701,-2.220446049250313e-16,0.0,0.0,1351.6108540193604,0.0,0.0,0.0,7394.00367857143,-4.440892098500626e-16,0.0,0.0,5138.755135564331,0.0,0.0,1917.532089983972,64779.883038719694,0.0,6477.988303870196
989.0,30.0,0.6818181818181818,19011107.0,232084.98304524078,0.0,0.0,2484.2951740674102,0.0,0.0,0.0,8682.805980994239,-4.440892098500626e-16,0.0,0.0,6664.17736302138,-6.661338147750939e-16,0.0,0.0,14019.596149689436,-2.220446049250313e-16,0.0,0.0,8607.071182480198,8.881784197001252e-16,0.0,0.0,5574.486665010216,-2.220446049250313e-16,0.0,0.0,4863.080855301701,-2.220446049250313e-16,0.0,0.0,1351.6108540193604,0.0,0.0,0.0,7394.00367857143,-4.440892098500626e-16,0.0,0.0,5138.755135564331,0.0,0.0,1917.532089983972,64779.883038719694,0.0,6477.988303870196
990.0,38.0,0.8636363636363636,19011145.0,232085.84668160442,0.0,0.0,2484.2951740674102,0.0,0.0,0.0,8682.805980994239,-4.440892098500626e-16,0.0,0.0,6664.17736302138,-6.661338147750939e-16,0.0,0.0,14019.596149689436,-2.220446049250313e-16,0.0,0.0,8607.071182480198,8.881784197001252e-16,0.0,0.0,5574.486665010216,-2.220446049250313e-16,0.0,0.0,4863.080855301701,-2.220446049250313e-16,0.0,0.0,1351.6108540193604,0.0,0.0,0.0,7394.00367857143,-4.440892098500626e-16,0.0,0.0,5138.755135564331,0.0,0.0,1917.532089983972,64779.883038719694,0.0,6477.988303870196
991.0,0.0,0.0,19011145.0,232085.84668160442,0.0,0.0,2484.2951740674102,0.0,0.0,0.0,8682.805980994239,-4.440892098500626e-16,0.0,0.0,6664.17736302138,-6.661338147750939e-16,0.0,0.0,14019.596149689436,-2.220446049250313e-16,0.0,0.0,8607.071182480198,8.881784197001252e-16,0.0,0.0,5574.486665010216,-2.220446049250313e-16,0.0,0.0,4863.080855301701,-2.220446049250313e-16,0.0,0.0,1351.6108540193604,0.0,0.0,0.0,7394.00367857143,-4.440892098500626e-16,0.0,0.0,5138.755135564331,0.0,0.0,1917.532089983972,64779.883038719694,0.0,6477.988303870196
992.0,0.0,0.0,19011145.0,232085.84668160442,0.0,0.0,2484.2951740674102,0.0,0.0,2.0,8684.805980994239,1.9999999999999996,0.0,0.0,6664.17736302138,-6.661338147750939e-16,0.0,1.9201943194128022,14021.516344008849,1.920194319412802,0.0,0.0,8607.071182480198,8.881784197001252e-16,0.0,1.5344184582229008,5576.0210834684385,1.5344184582229006,0.0,0.0,4863.080855301701,-2.220446049250313e-16,0.0,0.0,1351.6108540193604,0.0,0.0,0.0,7394.00367857143,-4.440892098500626e-16,0.0,0.0,5138.755135564331,0.0,0.0,1917.532089983972,64785.337651497335,0.5454612777635703,6478.53376514796
993.0,1.0,0.0196078431372549,19011146.0,232085.86628944756,0.0,0.0,2484.2951740674102,0.0,0.0,0.0,8684.805980994239,-4.440892098500626e-16,0.0,0.0,6664.17736302138,-6.661338147750939e-16,0.0,2.0,14023.516344008849,1.9999999999999998,0.0002777777777777778,0.0,8607.071182480198,8.881784197001252e-16,0.0,0.0,5576.0210834684385,-2.220446049250313e-16,0.0,0.0,4863.080855301701,-2.220446049250313e-16,0.0,0.0,1351.6108540193604,0.0,0.0,0.0,7394.00367857143,-4.440892098500626e-16,0.0,0.0,5138.755135564331,0.0,0.0002777777777777778,1917.532089983972,64787.337651497335,0.2,6478.73376514796
994.0,0.0,0.0,19011146.0,232085.86628944756,0.0,0.0,2484.2951740674102,0.0,0.0,0.0,8684.805980994239,-4.440892098500626e-16,0.0,0.0,6664.17736302138,-6.661338147750939e-16,0.0,0.0,14023.516344008849,-2.220446049250313e-16,0.0,0.0,8607.071182480198,8.881784197001252e-16,0.0,0.0,5576.0210834684385,-2.220446049250313e-16,0.0,0.0,4863.080855301701,-2.220446049250313e-16,0.0,0.0,1351.6108540193604,0.0,0.0,0.0,7394.00367857143,-4.440892098500626e-16,0.0,0.0,5138.755135564331,0.0,0.0,1917.532089983972,64787.337651497335,0.0,6478.73376514796
995.0,0.0,0.0,19011146.0,232085.86628944756,0.0,0.0,2484.2951740674102,0.0,0.0,0.0,8684.805980994239,-4.440892098500626e-16,0.0,1.0548728813559323,6665.232235902736,1.0548728813559316,0.0,0.0,14023.516344008849,-2.220446049250313e-16,0.0,0.0,8607.071182480198,8.881784197001252e-16,0.0,0.0,5576.0210834684385,-2.220446049250313e-16,0.0,0.0,4863.080855301701,-2.220446049250313e-16,0.0,0.0,1351.6108540193604,0.0,0.0,0.0,7394.00367857143,-4.440892098500626e-16,0.0,0.0,5138.755135564331,0.0,0.0,1917.532089983972,64788.392524378694,0.10548728813559323,6478.839252436096
996.0,0.0,0.0,19011146.0,232085.86628944756,0.0,0.0,2484.2951740674102,0.0,0.0,0.0,8684.805980994239,-4.440892098500626e-16,0.0,0.0,6665.232235902736,-6.661338147750939e-16,0.0,0.0,14023.516344008849,-2.220446049250313e-16,0.0,0.0,8607.071182480198,8.881784197001252e-16,0.0,0.0,5576.0210834684385,-2.220446049250313e-16,0.0,0.0,4863.080855301701,-2.220446049250313e-16,0.0,0.0,1351.6108540193604,0.0,0.0,0.0,7394.00367857143,-4.440892098500626e-16,0.0,0.0,5138.755135564331,0.0,0.0,1917.532089983972,64788.392524378694,0.0,6478.839252436096
997.0,0.0,0.0,19011146.0,232085.86628944756,0.0,0.0,2484.2951740674102,0.0,0.0,0.0,8684.805980994239,-4.440892098500626e-16,0.0,2.0,6667.232235902736,1.9999999999999993,0.0,0.0,14023.516344008849,-2.220446049250313e-16,0.0,0.0,8607.071182480198,8.881784197001252e-16,0.0,0.0,5576.0210834684385,-2.220446049250313e-16,0.0,0.0,4863.080855301701,-2.220446049250313e-16,0.0,0.0,1351.6108540193604,0.0,0.0,0.0,7394.00367857143,-4.440892098500626e-16,0.0,0.0,5138.755135564331,0.0,0.0,1917.532089983972,64790.392524378694,0.2,6479.039252436096
998.0,0.0,0.0,19011146.0,232085.86628944756,0.0,0.0,2484.2951740674102,0.0,0.0,2.0,8686.805980994239,1.9999999999999996,0.0,0.0,6667.232235902736,-6.661338147750939e-16,0.0,0.0,14023.516344008849,-2.220446049250313e-16,0.0,0.0,8607.071182480198,8.881784197001252e-16,0.0,0.0,5576.0210834684385,-2.220446049250313e-16,0.0,0.0,4863.080855301701,-2.220446049250313e-16,0.0,0.0,1351.6108540193604,0.0,0.0,0.0,7394.00367857143,-4.440892098500626e-16,0.0,0.0,5138.755135564331,0.0,0.0,1917.532089983972,64792.392524378694,0.2,6479.239252436096
999.0,0.0,0.0,19011146.0,232085.86628944756,0.0,0.0,2484.2951740674102,0.0,0.0,2.0,8688.805980994239,1.9999999999999996,0.0,0.0,6667.232235902736,-6.661338147750939e-16,0.0,0.0,14023.516344008849,-2.220446049250313e-16,0.0,0.0,8607.071182480198,8.881784197001252e-16,0.0,0.0,5576.0210834684385,-2.220446049250313e-16,0.0,0.0,4863.080855301701,-2.220446049250313e-16,0.0,0.0,1351.6108540193604,0.0,0.0,0.0,7394.00367857143,-4.440892098500626e-16,0.0,0.0,5138.755135564331,0.0,0.0,1917.532089983972,64794.392524378694,0.2,6479.439252436096
1000.0,0.0,0.0,19011146.0,232085.86628944756,0.0,0.0,2484.2951740674102,0.0,0.0,0.0,8688.805980994239,-4.440892098500626e-16,0.0,0.0,6667.232235902736,-6.661338147750939e-16,0.0,0.0,14023.516344008849,-2.220446049250313e-16,0.0,2.0,8609.071182480198,2.000000000000001,0.0,0.0,5576.0210834684385,-2.220446049250313e-16,0.0,0.0,4863.080855301701,-2.220446049250313e-16,0.0,0.0,1351.6108540193604,0.0,0.0,0.0,7394.00367857143,-4.440892098500626e-16,0.0,0.0,5138.755135564331,0.0,0.0,1917.532089983972,64796.392524378694,0.2,6479.639252436095
